10
1 2
1 1 1 1 1 1
1 1 1 1 1 1
3 2
1 1 1 1 1 2
2 1 1 1 1 1
3 3
1 1 1 1 1 2
1 1 0 0 0 2

6377381541485886438 
55 94071 55295 94511 41976 6551
1934378886 60626 14868 95322 59427 92346 1520366727 2245373391200535350 90 53502 88678 34230 56817 56997 2080679563 99948 41616 28849 38069 18272 1822978095

1000000007 2
0 0 0 0 0 1
0 0 0 0 0 1

1000000006 2
0 0 0 0 0 1
0 0 0 0 0 1

1000000007 2
0 0 0 0 0 1
1 1 0 0 0 1

1000000007 2
0 0 0 0 0 1
1000000006 1000000006 0 0 0 1

1000000007 2
0 0 0 0 0 1
1000000007 1000000007 0 0 0 1