10000
3517
2137
72
3443
4360
4677
1683
1213
599
4866
4159
1291
3274
655
2794
3906
938
1532
2443
1360
4766
3246
504
2895
1762
645
977
1056
2151
578
2769
4675
779
3486
4259
4158
1786
199
2264
2329
4662
1478
317
373
1985
1686
3300
3419
3327
261
2875
2759
2204
2939
4967
917
2614
2871
1350
1391
4955
1304
4327
1425
3377
1964
4098
4888
1279
4677
2726
2818
4557
4638
4932
2473
694
58
4815
1131
3180
2823
2417
2772
3869
2111
4437
3962
3899
3935
2392
3555
3357
376
4713
3676
758
218
4159
3101
99
1338
2869
2867
2992
2862
2514
1491
3222
4959
2023
3477
2178
4888
19
4355
1032
1064
4233
2662
4154
3299
4809
4123
473
1149
2884
3861
3541
4301
838
103
2231
4970
2052
3732
4351
1837
484
3128
1951
2305
4464
3287
225
1641
4965
556
4624
2214
2689
2667
4528
811
3166
4603
792
671
4428
2739
1798
1432
528
4923
4827
1407
22
2176
3719
4722
1762
1936
3541
4694
322
1158
3304
805
3632
4336
2806
3177
1366
2800
624
4074
4737
3252
42
4752
1271
764
3350
3259
1049
123
1918
3593
1792
3256
3124
1722
4573
4805
4304
1224
1030
3543
286
74
3852
3540
473
351
786
1559
1428
4952
3162
862
4680
2851
920
201
2536
169
4140
412
2772
2374
3765
3799
3513
3621
2768
4605
4081
3689
4891
2030
2636
4399
666
4737
1983
3280
2361
4305
544
3790
4879
3922
2701
1292
3860
190
1017
4041
183
672
2839
4278
4658
3453
1589
1243
406
2496
2902
16
3274
2256
144
2612
149
3946
4204
2528
2479
583
3092
1764
245
2046
3421
1233
2364
4507
3167
4852
1262
4509
4109
1021
2224
635
852
1222
4165
4693
4383
2433
4726
1438
3216
3486
2513
823
3394
1562
3099
1442
1689
3681
3175
4726
437
3675
3200
1547
2702
1811
2328
4038
2716
1517
3217
2747
142
1404
4138
4438
4988
1960
225
3253
3110
1784
4880
3031
4770
2160
1873
2569
4609
1182
2235
1661
2342
1928
3097
244
502
3078
2317
3575
686
1519
20
3319
3916
4835
4015
2634
320
2805
2631
3781
391
3309
3482
4637
4138
2229
1590
936
4638
1294
1835
3330
41
683
1958
4971
3896
1457
2948
4279
3742
1157
1716
1753
2689
988
4143
4578
2324
2481
3176
650
3150
509
1689
1927
585
362
225
4564
4637
939
1890
2005
2314
4872
637
989
3418
3635
4558
4099
3043
2392
12
2922
542
2343
767
282
1005
4325
1510
2923
2838
1630
3839
185
337
4395
154
2160
1142
3922
3297
1267
3585
1013
2722
4177
310
3053
3320
4112
4866
130
999
2213
1442
4126
4898
708
4125
3130
474
3023
4848
1559
756
4145
437
4349
4376
3829
1845
4400
1162
1713
380
90
369
3541
4426
4124
2259
3503
121
4574
4138
1740
3148
3032
3980
3642
1567
2389
4016
3885
4383
4610
843
983
4818
2662
287
3390
4194
1750
4464
1607
2128
2604
3791
3701
324
1696
4631
3196
1575
1888
2553
3283
1219
3249
2502
1428
3436
289
2490
4519
2151
2587
288
4336
4212
1095
4749
4479
2360
4550
1501
3985
2153
2181
34
4957
3140
186
2424
128
2619
573
1756
953
2332
357
3835
1948
591
181
3643
1048
1792
2706
4631
4942
4867
223
1425
3457
1140
3186
1958
823
2389
3285
2632
2558
3368
2264
2386
1273
2833
1773
1648
1060
4502
2000
1188
4849
2433
4423
3638
2738
2628
2720
20
3110
3948
1589
2149
2474
113
2350
479
2521
2609
989
4730
481
4528
1050
4520
3954
650
2460
4080
3640
3029
2926
3324
1627
3416
4958
3621
666
3623
2270
1610
1138
2695
1230
899
3728
1993
3305
1543
4976
452
4303
3154
1434
1815
2027
4863
2074
3054
2209
2564
4593
2529
2451
4668
1873
4888
4893
4722
2694
2132
2316
4435
213
512
481
1973
281
1434
3859
385
4074
2682
3781
1287
1327
755
3869
1982
1318
1780
4670
2798
170
3158
2276
1609
4588
2036
517
3656
3263
151
1233
1154
2491
2367
1315
2207
4406
873
4248
1960
456
236
782
1269
1221
791
4291
2348
3766
4907
1563
4389
4129
244
1335
2933
4715
3614
309
82
3394
4523
892
1154
2064
2049
2666
2527
4380
1910
2655
2883
51
257
92
1454
2951
2578
1621
908
1746
334
4019
2576
4579
1493
4246
573
4883
4902
3763
1484
2044
319
1692
4848
1538
904
2520
2606
1936
3797
3702
3840
1581
1162
4156
2785
250
287
2675
211
3053
649
406
4658
3013
4599
2295
3066
4165
1831
728
366
238
4519
1155
2061
1091
471
3055
2220
881
3015
3113
2117
635
4867
1720
3997
4680
47
3358
3340
4527
351
240
3174
1384
2598
1893
3056
4724
2753
3956
2447
821
1274
155
3196
1276
738
4135
2717
1006
1680
1269
4461
862
2020
2835
4538
3810
3673
404
3007
1590
2933
2965
3819
3452
653
4208
3856
3717
4884
3651
4367
166
4539
2920
1599
4431
1524
4946
2516
103
4673
4775
3213
573
112
2652
524
4144
3335
3869
4552
3495
1818
2071
2672
3601
643
4453
3104
797
2649
2484
3005
2659
2726
77
1513
1297
112
1628
6
1727
4957
2109
4819
972
2841
547
483
1170
4563
1958
1183
1821
4029
1867
1410
4148
695
1370
4073
2309
63
2510
1957
4644
4296
4155
2873
3281
4399
1081
4349
1922
3689
1367
2684
1185
2055
196
2001
4587
1762
4543
2444
2014
4381
2037
4599
3
2455
679
884
3827
2426
1207
2836
3237
1983
2422
3365
1115
1633
558
3210
2144
4391
748
464
4452
2632
3293
554
4025
4100
1867
3892
990
1181
2187
4073
2738
4900
3116
1979
421
1086
901
2534
915
42
1755
4189
3319
612
1898
2118
1909
3004
3841
1412
2856
241
2213
1496
4126
3326
3834
4589
2032
2732
2277
4144
3293
2022
1984
4867
2516
249
713
159
3915
255
2675
2914
4532
4237
3285
1626
4181
2074
187
4018
3355
818
1607
4562
3480
4798
785
2630
1004
257
1502
1801
564
715
4910
3117
2475
3927
3888
4727
3994
1668
4558
342
4906
3283
3329
1403
2513
3241
1659
4133
4319
3509
4177
2242
4693
3687
1680
1607
3534
1044
527
2897
4152
1145
4840
4748
2024
1309
1558
1620
4824
3521
522
3060
3321
502
679
1331
2827
3428
3094
4095
1648
2308
3572
191
760
4621
851
2900
4054
512
1904
1345
522
1557
1443
2945
46
4289
4603
3644
4308
4078
1800
2751
2597
4647
3539
1069
2814
2012
4726
3001
4897
3702
2242
3389
58
4457
4924
743
2324
1235
3171
3259
156
1737
1158
1332
1715
1709
3044
3554
4515
4127
1005
4860
1879
4895
4853
1196
1399
1593
3729
2719
1456
4742
3110
3106
4497
2156
4079
73
587
3255
2226
2882
4416
524
3873
3518
1707
4461
4040
935
620
2263
4440
1393
2857
2724
4002
2904
1036
208
425
4772
2545
3490
1845
3907
1308
4573
3855
2177
4678
2739
864
196
2616
1680
1184
348
3070
336
222
3273
3631
4202
2779
399
1319
3303
4410
1696
3845
465
2273
98
485
3496
4329
2872
1400
4430
2784
1720
4053
1325
1382
1899
4007
4146
2698
656
515
3796
608
3245
1468
382
4620
692
4285
56
1620
2833
3160
151
798
4867
2584
3020
3540
3888
4115
1039
3917
1908
444
3107
4488
4758
1095
2620
368
1813
1560
2005
3778
2053
2958
465
4515
979
4434
1624
4388
3225
4756
1999
3404
3352
1608
1206
2280
1576
937
2894
3025
4174
46
1646
119
3272
103
1396
3662
203
1084
3312
4806
1244
147
2620
4618
2934
4300
1711
3177
2329
4641
3552
2450
4598
2192
1114
4328
4878
956
4442
4893
3491
1714
570
2506
3120
4065
2834
2130
2317
2942
2714
1465
1203
4776
446
3439
525
4672
1174
3922
1925
1939
3013
3105
1753
4001
3817
3793
2385
1630
64
4816
1790
4215
3422
2878
1148
1385
4709
1410
1473
569
2862
2060
1814
3421
3393
3701
2556
2116
2932
3267
2903
3524
3815
4738
2922
2234
2749
2997
1158
462
3313
2715
206
19
4323
3685
4953
3854
4017
832
3192
2528
3314
1720
174
4073
2173
1846
4844
3968
1073
2162
2769
4435
3682
1530
3708
4492
1331
87
2392
2765
3823
1526
2302
2015
3825
3594
1403
1556
542
3691
1284
397
2179
961
814
3418
752
4388
3831
781
4083
4246
2481
4379
76
689
1167
1900
2337
1350
983
3504
2181
4575
2768
2570
3841
2957
1366
1529
734
1934
3058
3474
1405
2948
613
123
4535
1830
1474
90
1315
2317
4017
493
3124
4635
3078
1660
498
176
2134
2910
2675
1804
2670
3889
3294
2443
2809
918
1501
4815
120
799
1922
3886
1763
4469
1486
75
3459
2993
2376
1413
4274
4750
1984
479
4850
1169
1829
1393
3339
3573
2388
3283
57
1170
3047
3026
920
68
4471
1792
2833
2663
3953
4887
1232
844
4757
3179
4654
1782
465
1086
127
1398
2349
1150
3444
892
481
1265
540
742
1331
2058
39
4402
3970
3499
1769
449
3525
3919
530
2292
2556
1330
1234
356
3411
2154
4540
2200
2349
3754
709
610
2467
15
3400
1122
3655
361
2143
2768
4805
122
3864
1899
3487
4461
757
4940
1548
3013
4046
3546
1799
1408
2976
40
962
631
2474
4390
3678
2964
4894
3609
3582
1256
1302
857
3704
862
1451
144
4827
1534
2828
198
2472
4579
1051
4942
509
2855
2437
1689
2495
3685
2005
3433
4816
3875
3364
1718
4464
307
1458
1079
4786
3690
2188
2718
4743
1527
1837
259
4938
493
3652
151
2861
1571
1150
3711
4109
3125
4594
3406
4427
83
1429
398
4433
2142
2001
2187
2108
2836
817
2038
267
112
1550
841
780
3696
3637
4422
26
3879
3496
4452
1463
1204
3233
4439
518
4993
3589
1861
231
2019
830
2825
3096
1333
2297
2943
4437
3148
1438
4510
1876
1238
1912
1519
4447
2741
399
168
1386
3989
3274
2253
2318
3060
2042
4912
4959
114
3944
1567
2330
2268
3191
1979
3
1785
1816
1551
3357
501
4982
2342
2549
4690
3359
2176
2502
3315
3238
492
1080
472
3858
1448
982
2332
4535
4443
407
3330
830
1714
1242
1164
387
3767
1412
421
2953
2017
1372
2780
1190
2456
4055
192
292
2898
2675
1322
2784
793
1912
2766
3598
1811
4375
4035
3764
4118
2461
3043
2113
4576
113
1281
3549
4982
852
1330
4992
287
4218
992
160
2386
3043
4228
2356
458
1326
813
4511
4571
2809
3824
4888
1629
4649
2911
1554
678
650
4034
2694
1704
3389
1500
2992
3313
712
3587
423
444
2117
4732
4130
33
4525
1730
3744
3204
2558
1867
3630
534
2895
3096
4970
859
2188
908
3431
2292
4832
1413
1875
2606
1411
1758
3790
3007
3484
644
3532
1565
3552
2057
4375
875
4841
2232
1581
3634
1239
1548
3627
2625
3286
2462
2843
4430
4
4710
1393
447
4793
1789
2070
4589
3482
760
1910
561
2053
1981
4177
2638
4724
4438
395
2423
4735
4924
1212
2386
3583
4182
3838
1514
4053
4975
667
4748
1512
2808
2304
4688
140
2275
860
22
500
1216
2690
349
1886
951
2625
4280
3347
2403
2155
90
4061
3244
3829
4545
4402
4145
3277
1228
4420
1956
100
1627
159
170
3313
4153
1310
1052
2250
2776
1976
3663
4974
4983
2364
128
4843
694
4304
1572
4590
4325
4776
2593
559
70
1831
781
3399
1055
1700
2718
3482
611
3679
3027
2039
1146
2969
3502
1125
3386
1698
2814
2534
445
2398
292
4257
3816
620
4210
3002
2488
2868
1953
4791
2360
4033
4856
1283
2816
1611
761
1563
717
3371
41
4983
487
4760
2819
2232
3177
323
2455
1379
4139
1498
3830
2
642
4428
4477
344
521
831
3773
827
1349
4398
3726
3833
2941
2561
963
94
1490
2203
2771
2813
1190
4852
3504
1871
3068
4583
448
2702
1226
2016
1375
2740
2094
4702
878
4924
2915
1995
1222
1447
1
676
3431
3682
3601
2861
3537
3706
1918
972
1145
3982
1621
2663
1431
72
4215
1671
4572
3329
254
2446
3621
4909
2139
3170
1988
4957
2700
3261
916
2354
1910
3536
4188
1148
933
4737
768
3221
2627
2335
1136
367
2038
4101
821
3113
1380
3121
132
1333
4498
4286
3609
2651
1715
4835
736
2041
3489
4585
779
4128
4238
2701
4592
2228
3528
3271
3534
1996
3047
2780
4
2628
864
3006
1211
4674
4244
3826
2829
1386
4106
3117
1237
2882
2553
2785
4231
2598
2508
3025
4329
1268
2480
3223
2608
4599
4966
2009
3059
4233
4366
4134
957
3477
3834
3552
2032
354
3337
4163
1236
2446
1056
210
2672
3962
3792
3563
1936
4992
3794
1659
929
1953
873
4369
364
1753
400
2600
944
1674
2185
3299
3002
3116
170
3222
1626
2506
3612
4027
4794
3909
2175
4044
834
1488
1846
4017
2742
2116
1039
3073
2050
4744
3393
3770
3033
4687
762
4380
1392
4256
3518
1764
3686
4286
1062
3863
2589
4207
191
2005
819
3796
2865
3431
1941
3777
2432
1964
3689
2292
1
122
2394
1692
3723
4636
847
561
4794
305
1447
906
2489
2346
2292
3650
2949
1717
2243
2298
2429
4391
1157
899
4383
1720
4755
2240
3334
2525
2259
950
2890
124
2092
4228
1668
4220
3936
293
1502
4111
1966
466
1486
1864
2059
4118
1267
4763
3462
1616
3402
65
493
2541
1106
3213
2565
151
1190
1464
1342
860
668
2531
4007
386
2959
2818
4039
971
1970
1956
3544
425
4013
3774
2835
1174
1420
3563
2008
1132
1861
1197
2456
2539
3702
2401
652
3125
1393
1784
4022
879
3647
4460
3414
4417
1910
840
3794
2041
1735
2913
4579
4176
2913
1029
1369
209
3063
4163
3391
2071
4650
3040
541
4477
1158
2561
179
1898
2211
4359
4633
4655
4889
416
1747
4076
4663
4125
2187
3386
4454
1751
1788
111
4548
1544
1986
70
3338
4911
3677
3286
4980
4701
4161
4485
2221
3541
4263
937
3387
418
3876
3016
3481
4041
3780
338
2576
3583
2967
4544
3006
4284
1400
1578
3193
4468
864
3464
430
1941
111
3290
459
135
3686
2237
713
1933
3937
3450
2501
668
528
2084
1973
748
954
4878
558
4864
3352
3494
4502
3249
2426
1006
1059
21
3051
2896
657
3002
3532
482
477
675
4027
2987
4611
2793
243
727
3597
1482
1751
3455
1420
690
267
158
4762
4018
1892
4733
4771
4004
416
4392
4070
2340
1814
4136
1616
2605
3079
4530
2482
2376
30
4702
1341
4310
1140
2743
1132
3501
4341
1998
2984
1560
1528
15
630
2212
3067
3061
713
2059
3553
2792
4449
709
1188
4343
2996
469
576
2302
4871
983
1235
4820
512
1078
2690
227
4136
3856
4384
274
2047
3848
3240
767
1090
2786
3397
3716
419
2480
1132
4532
2857
218
106
2936
4375
1793
3919
202
4650
4608
4533
868
2314
2559
324
3104
1073
2042
258
4659
580
1980
1381
2593
4307
1212
4480
2235
23
2394
1455
1298
964
645
3557
757
2324
2557
1112
4069
1888
4791
3811
2881
2897
4306
3661
3243
1863
4447
3343
4663
2059
1439
4913
2052
4523
1208
40
2515
3201
3177
2460
1855
4563
632
4096
1597
378
3862
867
261
87
315
4959
4763
4761
2683
3241
3500
325
4618
1791
2339
3756
4986
1439
1883
3988
3016
1672
1049
4584
4341
3455
4450
325
2480
460
4939
890
1644
3491
2060
3088
4702
793
2574
3265
438
3006
3672
4228
4322
293
4993
320
905
3916
4154
4767
3937
2244
993
3653
25
2747
1434
1470
403
2363
4084
1219
3528
2541
4711
3699
810
4439
1197
3465
3934
5
1130
2702
234
1142
2007
3927
4398
2799
4623
4993
2214
3082
898
2661
4483
1168
4744
1527
3865
3641
266
3924
2821
1111
2358
3679
3143
3699
4099
4991
2029
4884
4779
1602
3897
1123
628
4541
93
746
2685
1387
4502
3765
261
4101
1597
2817
3515
4033
3323
2345
4602
4786
2559
3360
3906
3789
4880
124
176
113
4434
1884
294
4334
29
2900
2738
53
4296
2178
4090
1988
3445
4752
2782
2575
1559
1071
768
3285
1227
1863
1344
3544
600
2203
3237
3400
4
1459
4849
3579
2199
3984
3217
3934
676
3013
988
3352
2623
310
2815
1955
1082
4933
2418
2453
622
3095
1694
116
1339
2149
271
366
114
356
4514
2737
2143
4956
2064
846
1211
3361
2059
4987
1752
1454
3714
3263
4853
2061
2174
3589
814
786
3707
988
4890
2327
3337
3787
590
1596
2502
2526
739
4319
1500
820
1969
982
2538
2611
2011
656
3073
1851
4097
339
562
3827
3092
2018
1571
1335
1519
3441
1393
4602
4901
2497
3717
1762
2446
1102
1766
3268
646
1880
3844
1481
1204
2054
3875
2052
1452
3234
2627
3490
1505
1699
3532
2246
1099
1557
4664
2743
1561
1855
3576
1709
890
4809
2669
2480
2498
4604
885
2730
4527
1922
4127
3483
4045
92
68
2268
1171
167
4073
3250
4066
341
1620
1730
347
3536
1692
3721
4246
1416
800
2473
4457
2472
1155
2741
1469
4555
3091
1011
1936
1305
3011
372
3224
3403
3603
3545
4928
1804
282
3047
653
281
642
3492
4059
806
4237
4248
4079
890
2636
706
3168
4085
3738
4148
1440
816
4266
2141
713
3451
2954
2154
1242
3158
2002
1462
636
2254
1084
370
3853
3801
851
2433
4622
1006
2351
4467
3239
2465
4855
675
1845
4362
1875
2876
4675
3197
1530
225
3292
4518
2831
4036
3254
4902
4550
4516
1673
1664
2438
277
1506
3028
629
3100
3666
4269
3577
3085
4392
4961
4448
4303
1025
2395
4391
4126
1108
1277
1171
555
2992
3369
494
1753
177
4550
621
3550
4088
1001
2894
3764
2221
743
572
1954
250
3436
341
770
2434
4225
53
1887
489
811
1472
1130
2224
2039
656
499
3333
4091
811
221
2513
1585
3058
4042
1580
781
4240
2341
3875
3038
2917
1934
2767
1578
3873
260
3142
471
177
3561
1012
2556
2237
1949
1103
3687
3155
4912
711
2402
2679
344
1539
4846
4813
426
2124
4442
4847
550
969
808
4320
774
2519
2713
4007
925
1174
4166
3361
1318
1088
780
232
1792
1781
4427
1207
1772
3591
2509
1548
3970
4968
413
4972
1137
3396
371
3080
4647
4125
3512
419
1736
4063
3041
4389
731
1426
2273
2649
4554
3207
844
4523
2218
1003
2718
2492
3561
2491
3228
1011
748
1074
2120
1134
4278
2070
52
1480
4855
1903
1764
2529
4864
4157
4585
2514
4220
3201
1640
2033
2278
4788
4386
4371
1274
132
4794
4933
220
3798
2435
3546
125
4146
3602
3522
4365
154
4779
174
2812
638
4739
1164
1093
2215
3032
245
2888
3861
1475
3513
431
3544
2132
1754
3339
4881
3608
2426
4807
4441
3210
1439
4698
3307
514
4949
3050
1581
4994
1153
967
1560
3097
135
850
4213
4632
3263
4693
2065
4627
1696
3540
1129
4354
2843
4852
4718
4409
3186
2456
4255
2100
2406
3728
2236
4973
3988
4205
4621
2933
515
3440
1302
2485
931
3582
1263
2266
705
1057
2310
4910
971
210
1284
2899
521
2666
818
809
4221
291
4771
4855
4294
529
4393
693
4413
2960
2426
4420
1538
1986
4652
1340
1443
2162
3986
2047
2091
4538
4976
1837
3294
1971
181
1080
357
3108
3694
1409
426
4889
3493
2627
2466
4739
999
4793
4459
1517
4649
68
24
3383
3895
3786
4294
1645
4810
2114
199
135
1144
3034
4717
3121
1683
4557
3171
1885
3342
2311
2636
1362
1676
4382
1644
3444
3313
3903
474
4432
977
2219
544
4010
2225
3931
3123
3277
4438
3745
985
1621
3147
3225
1814
1263
4575
1983
599
1544
171
4668
968
1485
50
1742
4224
1796
2302
4974
75
4804
2754
552
3797
2044
2340
4936
1362
1150
4216
1478
1877
3601
555
2512
105
1614
3423
2354
812
2166
2549
2789
511
4855
2277
2491
2382
598
3581
847
2551
2902
3785
1096
727
3531
1039
292
537
3329
305
2236
3510
1695
1562
887
517
2550
3613
684
2259
2006
3892
1471
843
4202
2487
1996
4732
728
652
2696
3589
1689
1476
967
2291
1663
2928
576
1033
1518
2901
4397
1765
27
4241
4213
2995
3081
3671
712
2754
1610
4101
2387
3265
1871
3886
4276
3027
4858
762
3708
2845
578
3181
2058
2982
1479
1935
1103
3442
4023
2410
703
4304
1878
670
3953
1778
3569
1416
2125
3158
1366
3725
1656
2236
2672
4188
2093
1687
3416
4088
3411
877
872
4699
1079
1045
3163
3235
2723
4658
1532
3001
3518
222
4626
304
260
3497
150
2704
1924
4887
4154
3347
2692
905
3055
1860
4424
3401
552
4904
1032
3256
511
2660
2120
4021
565
1089
3941
969
2297
4854
1328
1599
957
3002
2350
4614
4882
1020
1134
3523
1248
4284
1622
4092
155
115
384
4837
241
1133
4928
2290
1018
343
3257
254
753
2001
4615
86
4434
1066
3133
1636
2909
1690
4711
2556
788
2016
4506
378
445
4273
3045
4827
722
1643
3324
3044
1269
4730
723
2196
1125
3501
613
2364
4955
1623
4878
3396
2832
3773
3976
306
3255
1219
554
766
2858
326
4332
3218
4503
3758
1169
783
2771
1549
47
3548
1209
2978
2623
3195
3703
3308
270
1431
4300
4713
4616
3680
2944
4755
1427
1485
4147
558
3878
4539
111
330
370
4724
2161
3909
3856
2258
3935
2812
180
1214
1929
4050
4655
820
1640
4533
10
4240
1357
4505
4805
4706
2923
836
2302
2618
192
1692
2199
4495
4407
4453
3809
969
1087
3415
758
3226
3771
3452
1578
1632
101
871
2608
3672
2082
3305
1656
1969
3395
1916
4203
3278
4947
3503
2182
3934
2448
3269
1412
3646
10
435
416
4908
874
3854
1033
4710
1755
4843
3787
2664
2875
313
851
1378
4734
3585
995
2180
1943
4614
786
913
3285
1389
1894
2222
1960
4389
77
1743
4159
4738
1139
4123
2296
3170
1682
4573
3053
3068
2849
858
707
3121
2015
4069
728
4769
4351
4662
2164
2604
2353
1341
4337
4870
302
1267
1179
2118
2271
1751
348
2833
4005
810
4551
1934
2835
1211
2088
2994
1635
4893
967
4697
4826
4581
4200
4535
4311
143
822
2068
4138
4516
596
429
1694
3050
594
2369
4131
253
1108
2108
2191
4938
504
2646
716
2862
4536
1070
3409
476
4146
2117
2372
3600
3160
782
2437
450
4256
3416
370
1345
3926
968
2569
2678
812
1753
255
683
4936
2831
1295
4654
4564
1097
2039
2647
3734
2593
4418
2366
3340
3520
1780
4466
194
2469
3561
4543
1337
868
325
3483
834
4623
2623
2184
4344
1094
4023
298
1724
864
3100
649
2462
1417
2241
3242
1526
4975
583
2385
2426
2690
3704
242
1899
1822
848
3003
4602
132
2860
4473
1992
4644
2815
899
308
867
2340
4908
2948
1422
3747
1067
4232
2043
1972
56
4655
4848
3004
3288
3682
4103
2011
843
1514
3187
3657
1174
4609
958
3555
2099
2573
3243
1589
1125
4149
2377
940
3003
3478
2501
4339
3115
1875
2036
4456
2795
2516
3236
2401
773
2722
916
1704
1380
4762
663
942
91
426
90
3006
2318
899
4990
3263
1446
706
2321
4080
4202
2176
2156
3049
2724
4035
3670
2508
3033
2515
2679
384
4992
1328
3692
1706
4297
3011
4116
2930
3037
1418
2059
1397
915
640
862
632
236
1199
3008
2560
4708
1203
2500
2408
1274
4015
2541
1800
1527
4803
1878
2741
3010
4202
3820
2183
4723
2420
4976
772
680
3505
4914
2874
2113
2882
2188
249
1641
2906
863
1473
3530
3228
4239
2461
4991
4229
4491
504
4506
3774
123
3055
1864
500
1624
289
4559
191
2882
862
3309
1333
3882
4165
1087
3820
3816
2062
3452
2684
3377
173
3127
2534
4980
2348
245
689
3453
354
2968
2315
4917
998
2360
1828
4288
3870
2522
1154
4813
1844
719
2872
3089
471
3137
3343
3376
4690
3194
397
1615
2060
1796
3145
4272
2119
4648
1342
3965
4247
1952
2884
3603
1867
2487
462
4701
1643
4886
1480
2663
3276
1162
1124
2672
1711
83
107
3186
2043
1695
2377
4177
1935
2947
2300
829
2331
4997
2072
3864
2882
3667
2516
286
2346
3837
4169
900
1938
1712
1415
1448
3914
3400
3401
4845
2542
787
2358
2503
1125
4114
2604
2736
4230
2062
2256
399
4054
263
736
125
312
3040
997
2435
238
4340
1329
1212
2981
2016
3446
287
719
4332
2893
2675
1032
3153
3431
3249
4122
225
1443
3029
2702
2834
1867
4866
260
808
2075
3012
4065
930
3280
1772
2876
2882
3287
226
3963
1239
4617
4709
1547
538
571
4
1951
1831
3390
3463
788
673
83
1817
845
2443
2480
4964
793
4388
1021
2185
4136
3499
1016
4452
2407
1856
4732
754
529
1043
4659
2520
4073
3388
945
346
3956
4038
2268
3741
3235
341
2897
3088
1490
2708
2313
2741
3961
2548
202
114
2581
1765
2154
3736
558
4765
1524
94
4646
106
3970
4377
1808
2176
2368
1583
644
1429
2186
1817
2481
4570
4690
1079
4412
2632
4125
323
1598
2872
1648
2472
4580
1562
2977
3553
3256
1045
651
455
3531
675
3208
19
1188
1618
1776
1693
1988
986
3312
2851
495
975
2715
4591
3719
1395
4030
3775
4126
4853
1388
2725
69
1809
2791
1247
4928
2798
4974
589
4901
2313
2707
2481
2593
3505
4335
3111
2760
3926
1794
4597
1165
3420
3277
3238
2318
1994
1832
1074
3465
3623
4116
1665
455
2608
8
2141
4920
4250
4553
1576
411
1332
3221
1767
1169
851
3792
4249
797
1199
3711
4622
1549
4880
3476
3341
4736
1645
4929
3559
2557
36
853
4378
2016
3616
2961
1852
3391
1254
2372
2723
4485
4113
4849
3619
3608
1356
554
1593
4426
2070
92
3192
988
2300
969
3756
4738
3034
3243
4962
1355
1766
1796
1482
4917
3138
2542
3316
4913
2139
2855
2729
4177
3258
878
1540
297
1441
1529
287
650
1849
4343
149
1250
3791
2682
3388
2263
3131
3024
2279
3264
2799
4126
174
1796
3438
1889
1752
1849
1425
1501
411
3706
4290
307
4301
4617
1100
1729
2094
1793
2906
3726
681
280
4710
4563
2103
1965
118
1197
2848
3827
2275
4842
1782
2197
673
2349
1738
4254
1663
2521
3207
1048
4569
2911
2076
564
2508
1165
1279
3078
1013
3892
3195
3979
391
3770
2951
659
4876
631
3506
2301
1887
3028
913
210
2602
771
1146
1960
3798
3912
1682
851
2702
3501
2713
4611
3482
806
165
190
3583
4030
4676
269
3962
3945
286
3301
459
3310
881
3363
3712
1846
449
1577
2830
1767
2436
1052
4696
301
4784
3068
3285
4512
2796
217
835
4271
1330
905
467
4511
2462
2811
801
449
974
2185
1592
3984
1488
41
1711
304
1077
3107
45
523
3600
711
4853
570
584
4392
1750
4083
3320
4888
838
2350
570
1372
3704
3604
1547
2442
3358
2742
1597
4693
4726
1924
2553
463
2737
1890
4897
2584
2842
1694
2405
3822
3729
1708
2261
933
65
4703
2560
2693
447
3062
560
3242
1250
608
1334
4670
1157
4437
1396
4672
4605
3595
2886
2488
1336
4036
1922
2907
3208
2239
969
4315
3320
114
228
104
1292
932
3906
1606
2485
2335
1218
3748
3782
110
864
184
3958
3898
425
241
3967
1502
4425
482
213
1459
3017
3887
3024
541
4470
3111
769
3230
2383
1591
1157
860
4871
312
1274
2983
4881
1551
2194
2860
3845
3947
926
242
4055
594
2442
441
2495
1078
1412
919
2508
4780
2316
1489
3300
3587
3262
1558
4912
1860
4816
2953
4249
3000
209
671
1996
3380
175
915
81
4521
835
1677
1441
4117
3772
4832
4076
2573
4888
4672
1855
840
2071
1025
3163
519
526
3867
4005
877
1601
3749
3823
4542
995
2405
1118
1050
474
1056
2118
1187
2366
1485
2564
3572
929
4525
3026
760
1288
2516
3302
3147
3162
835
776
2642
290
840
2772
2270
971
4660
2096
1695
848
2275
4519
4774
3984
4829
2522
2777
3033
2882
3985
3211
2946
24
3805
3327
1129
4949
921
4440
1842
924
80
1594
2800
2429
4596
607
1913
2141
4461
1700
854
2660
2248
2820
2472
3496
4749
3886
919
2932
2529
176
4830
3867
3236
3523
2894
3408
2219
3276
1244
4463
126
3065
2892
836
3863
4876
771
4690
791
515
1192
4994
1495
4538
1247
1070
3607
2586
234
3418
4202
3799
3252
9
4882
2630
2970
1064
252
572
2710
3055
2183
4834
1186
2339
4511
1060
4821
3408
4211
4303
4911
3646
541
3040
1110
3758
1075
2616
439
4717
2720
2526
2229
3386
2762
1439
2805
545
4175
954
718
1201
3435
1481
490
2487
3371
513
509
3567
598
18
1111
4350
400
2205
773
1309
3661
4560
494
3104
1830
2306
1824
252
2588
1960
795
365
1822
2330
858
2827
2452
2353
1947
2702
3383
2820
2474
1310
4030
3858
3053
4357
2131
181
4612
248
130
580
1614
3856
227
3510
430
3800
2512
412
2046
3032
1427
1527
3854
1611
165
864
748
616
4567
2325
1515
1077
557
511
683
1008
98
4447
3628
3452
4839
2974
2961
1910
699
3774
3343
689
1804
1998
2184
2696
2397
3242
2328
4465
4628
3120
4840
2228
4338
4553
2120
1908
4676
3000
3402
2441
4843
499
4922
4965
2262
4421
1686
406
4453
2173
691
1923
988
2457
3503
894
1450
2565
2441
4953
3244
1326
4965
113
4564
754
4486
3124
2248
2767
63
2338
3403
4478
3829
948
1398
60
4917
3139
3416
1742
130
161
2402
4814
1629
1315
477
4375
305
2537
1344
1068
375
643
613
3995
459
1740
4135
1965
4507
988
4581
4484
711
1638
3121
1607
2304
2414
318
2528
2061
1097
2682
4510
4286
2230
2551
3932
4191
2778
2930
1062
2241
3060
1886
1521
4234
4838
3621
2813
4733
3598
178
1521
2188
2863
1857
1278
3713
3701
3529
3060
622
978
4106
2358
1069
390
4241
4344
1605
3386
2055
4350
2357
1706
1801
1122
258
2639
3346
3978
2401
1727
337
1882
2358
564
4012
1358
1052
3456
1817
4521
3828
2211
2863
2113
247
1987
4357
1689
1937
2831
1252
142
3240
683
4790
341
4293
2994
1223
140
2938
3196
2678
4931
3838
1395
4300
283
3127
2350
2113
6
3504
4334
407
3639
2328
4390
2431
1774
126
2514
3939
4793
4125
3192
4777
2500
2379
1316
3349
2759
4237
2535
1719
643
67
4456
3291
3079
546
4974
223
2208
2759
279
3324
2825
3213
3141
4500
4869
2353
2370
1990
3870
1526
1840
3517
911
4489
4390
905
2375
3509
1195
4140
690
1459
1690
1149
2652
4188
3360
199
3106
2428
2186
167
752
1554
2056
623
3202
3742
4862
4991
373
4137
4177
1022
3321
2900
2737
3571
3620
2479
1973
4415
4982
988
3603
1179
1476
2290
3902
963
1483
3130
204
944
918
368
2195
493
1773
3552
552
1430
1477
2056
2791
3246
1173
4024
1136
2087
1245
3561
2587
824
2883
2944
1060
2553
1710
203
3129
1318
4744
1759
2493
2451
908
3386
4231
3592
2103
4841
2428
2453
3808
3866
3771
3843
2943
3087
4858
304
1094
947
221
1910
1512
405
2731
4152
2446
2177
587
2969
451
4044
3689
3035
4237
656
1564
2603
1816
990
1653
2979
2020
2361
3744
1205
1689
4575
4833
242
4704
1147
3626
3833
4357
3217
3032
4800
1243
1712
590
1792
1856
3200
4940
586
928
2013
4545
4594
1621
2266
4279
1125
1462
4689
4394
3765
4099
2524
3417
2925
1613
4491
4619
4824
2107
3429
4506
3177
4098
117
4118
2991
1301
93
605
736
4091
1782
4867
1435
193
3251
193
4248
4292
488
872
350
3632
2384
4232
821
264
2118
2293
4491
989
878
768
2589
1103
3254
912
4739
3215
4559
4486
4771
679
554
67
1054
1835
4364
3219
4850
526
468
436
2613
4488
2634
992
578
4862
1418
578
917
3381
698
3458
3982
113
748
969
4783
50
966
616
3375
1338
4102
2318
2778
2163
225
2487
2698
3891
2793
1357
2248
322
4359
1982
981
3355
3620
3869
1374
4140
2650
1890
1409
4773
2914
3692
82
3508
801
3530
3893
4773
3209
3312
3888
1925
1860
4582
3683
3319
3670
583
30
425
1320
4297
3665
3293
4182
153
1235
3897
1812
2087
4709
4452
2184
88
58
2647
4701
977
2073
2090
3256
2616
1298
2257
3823
735
1006
1053
260
1468
1663
174
1725
2980
2892
3877
1971
1936
2442
3112
1313
3153
3712
1778
3752
266
2307
3842
685
4284
2634
4526
2558
4877
957
4454
1818
4950
2213
2094
3064
4591
545
520
3841
3827
2902
173
3911
2872
1737
509
3756
3220
429
3176
611
2125
4776
3049
4078
2160
1793
455
3791
1473
4425
4287
4126
4885
2833
1072
2714
2322
161
2
116
2228
2144
1649
2070
1057
802
261
4697
4119
1691
2532
114
3825
4995
534
4463
4212
3368
3601
4184
4112
2024
1720
1307
4338
4269
4865
4139
3129
279
2214
2449
1548
656
3108
2221
1706
2226
4629
3817
2452
1704
386
2391
2722
470
2091
1444
3279
2748
2370
4842
460
1176
190
3522
4935
956
4136
2618
1315
4777
3720
4197
1315
1904
3201
3546
173
3461
1264
1509
1541
437
1203
732
4551
1033
3668
747
196
4822
4571
440
4291
2880
2763
2154
2675
2697
1335
4235
3898
1327
4295
612
4368
4042
2177
1382
3060
4368
981
2663
3682
2076
3893
1470
908
4813
1824
1687
4674
3285
497
1858
2499
3173
3106
1892
3180
760
2704
1732
818
511
2775
4118
3240
465
1025
4764
3519
4975
3177
3700
1976
1366
2339
3373
2960
4695
2943
3031
4457
404
512
4072
4267
1921
899
3094
2087
3269
4491
3993
361
3004
3058
4594
1723
4603
4482
154
4684
2861
3486
301
4825
172
1489
2356
3200
2302
1802
1582
3135
3061
2384
3633
3340
3859
1172
3338
684
2924
3665
3282
533
442
4019
3313
2990
2209
1690
255
24
4334
4112
3005
4221
3382
3757
893
4273
4152
1988
3904
2972
3472
3814
3362
3613
4611
3847
2065
4767
3232
4743
1430
3754
4490
188
1128
4470
1414
1516
2709
4238
627
1879
2332
4458
968
3008
1058
1383
715
411
723
1049
4542
623
474
1870
3756
4909
4994
1892
4550
3223
3654
1142
4986
2980
4374
4825
2418
4433
3980
2502
4131
4480
2315
2089
2813
2665
481
455
526
4810
1879
3356
301
1680
2328
4984
3572
1413
4230
1478
4745
2777
3941
1092
449
3468
1167
2319
1991
746
65
275
1204
4473
2336
2949
663
3600
4965
4058
4426
511
4270
2990
4519
4877
4704
213
1652
580
2813
3576
356
3274
16
1946
714
4788
3616
993
4518
4800
3248
2205
2034
3934
3292
2867
4402
501
2357
1298
4101
2904
3100
154
273
1596
760
2144
4803
565
372
2536
3115
20
2131
1064
152
3872
2697
1670
1991
673
456
2392
1450
3468
3343
3396
588
2485
4459
4533
1344
1992
1691
4511
4396
2090
310
1248
1780
2162
2764
4031
2159
1816
1306
3075
3654
4815
1481
3655
947
2192
2976
3671
1204
4628
3821
671
1595
2524
3165
2254
2115
1938
2058
814
4888
213
4925
1538
1521
2735
4668
2727
3635
1975
2069
3449
3366
217
4135
1489
930
1984
3149
2885
4457
3267
3811
3346
1855
2353
1947
4024
2925
1303
4004
3652
3024
2691
2681
4030
4387
4748
298
2590
1254
2134
3319
2444
1882
1259
4240
3026
2818
2283
983
26
1416
2283
2665
1833
2635
3538
3349
4461
928
276
1690
3757
1667
3467
3084
165
1962
259
1881
4709
4645
4401
3404
20
3883
2830
3165
1718
440
284
1957
263
4440
1969
2276
178
3729
1234
2006
3811
4564
3505
3855
1139
87
1518
4881
2500
1807
867
1495
1494
1295
1781
2229
3649
1857
4464
1556
4902
1870
2770
1306
267
2024
4859
1433
2090
1163
122
4764
1677
2036
4774
4311
4358
2466
3482
1079
3259
3556
3861
4611
3040
2891
4432
3475
4623
3083
2428
899
4048
2023
1736
3872
2781
1651
220
4366
3154
2891
1164
3519
3168
4987
4886
1029
4828
4820
4823
1964
4908
2112
2528
2374
1252
4269
3089
4420
3567
444
609
2536
4464
66
2155
4193
3594
1689
1215
4307
2660
4645
747
1532
774
3472
3650
4681
2490
523
3829
1406
1152
1107
1350
3974
565
3702
3932
854
4644
1137
1233
3150
2021
3625
4451
1402
4746
3266
4606
3585
894
2524
311
92
725
1971
2449
4374
1564
4096
287
4051
568
701
1740
2887
2761
2106
1769
3017
3408
794
2119
3801
3697
1724
2705
1309
1600
2158
3732
1634
1636
3837
1788
3820
2820
2165
2902
3789
4027
2686
3455
3664
2360
1988
3628
1559
965
3145
2914
2211
1716
3642
4091
3305
2379
2219
3251
355
4254
4272
4956
715
4141
4578
4675
4100
1276
1430
4001
3128
904
1261
2830
4399
4314
4410
1929
2150
4716
630
3050
4917
2430
2807
544
1648
575
1664
4132
3479
1511
2826
205
4602
746
4019
2027
4979
4503
3296
2923
2292
222
4222
1622
4559
2907
2739
549
2141
4261
1957
3089
2701
3247
2670
2052
4937
1051
1985
3510
1210
2058
3337
4402
3
4192
1359
3469
4470
2356
4043
4581
2133
1457
34
2220
521
4647
876
217
3578
4886
4018
4004
4553
95
1961
4774
515
793
432
3077
1644
4609
3576
2924
4782
1461
772
700
1552
750
1503
2561
4649
866
2771
2907
4
809
1853
270
3148
3702
929
709
4987
243
3403
4427
4887
1638
3682
2703
1192
2371
4333
2466
4525
3911
195
1910
2727
2453
2314
3205
864
1696
608
1833
299
487
3663
4362
1939
509
3587
3711
4632
4123
4368
3185
76
1947
2245
239
4668
1685
3078
1109
846
2991
1995
2360
2773
561
1700
3190
4949
1888
3826
2060
767
227
3579
2844
1356
1261
2756
3558
1029
2155
2448
4925
3700
1814
840
1850
4929
3236
1703
2575
2453
4448
1378
2355
3346
1520
4539
78
2389
242
610
525
2724
777
2862
2031
2964
1960
1881
389
2128
4510
4571
2653
2378
4682
3262
2689
630
3325
3111
557
4635
4957
1912
3096
1994
1306
1215
4402
4993
2804
1590
4178
4900
3926
777
700
2431
1136
3840
1354
3240
723
4760
4513
4686
1906
3467
4451
1186
3024
911
577
739
944
3306
2662
1045
688
636
1708
4512
747
2468
2978
4248
1864
3785
2410
2345
578
3357
1294
2273
1843
3607
1097
3364
289
666
2722
3022
2732
4086
599
2919
542
1946
2721
1774
2343
2676
2351
3156
1173
2963
2239
181
3942
2117
4297
1858
2890
543
2634
239
867
3629
2256
4335
4481
4898
3058
4740
3071
1098
3032
409
201
1667
232
772
1006
4914
3421
4552
48
1620
4035
3466
2018
1451
4241
271
1833
2446
1271
2554
871
2293
1631
2523
1175
237
2377
2644
2256
3792
1877
1993
3244
3493
2599
4288
2657
4205
4043
1549
4336
3228
4372
3001
702
4904
1941
1503
2063
2205
3778
2784
4101
1501
3669
237
4073
4937
443
903
2387
2157
1024
3898
4578
3318
3164
8
3892
2037
3754
1262
266
1525
3225
148
3166
2577
1816
3795
2058
3135
1256
1095
724
3751
2321
3589
1932
949
1373
4485
2039
3039
3061
1324
2562
1578
492
2875
3434
1858
2071
605
3450
4953
2078
2907
2213
2153
4650
761
3257
2258
3747
1860
1300
1813
3150
2298
1043
188
3307
131
2073
824
4869
2024
4695
497
4016
381
2975
515
2608
709
3122
693
2747
2570
59
4666
1450
1662
271
4879
2890
1230
515
4162
1126
3946
4993
1572
3577
226
65
1079
3970
264
643
2449
4999
4144
2379
41
991
23
1538
1133
98
4721
4383
2613
1616
4680
1104
4555
1856
1966
1371
4741
2271
1771
4634
2502
2345
3277
4197
4399
4023
3376
3920
3584
571
1488
1862
3924
4419
3679
386
1768
1346
1290
3541
3513
3483
2564
3954
3858
3707
4751
994
4330
500
3840
3530
4002
4897
2151
1624
3890
52
1707
977
1179
4570
4195
2737
1797
1360
4829
506
2781
3958
4809
374
328
3422
4353
3263
4802
2379
2018
666
824
4989
2722
4821
2992
1865
4290
3441
3566
2155
589
1542
1455
4739
72
3502
645
4148
3644
1007
214
4898
4477
3692
3930
2981
1283
2064
980
2580
2609
800
4754
3734
1252
1477
173
4155
2770
3105
1303
2416
3728
1619
594
2391
2523
514
1537
240
658
592
4700
4959
3515
446
4786
404
4105
2191
1807
4004
3281
4437
1050
2661
582
333
3970
3816
643
4769
4289
488
4066
4574
2198
303
1953
3272
2359
1845
4266
3687
4520
4899
1332
322
3259
2146
502
1356
4799
1618
976
2072
1605
2383
70
1853
978
4361
3041
3014
2494
4696
2364
3330
3686
1847
277
2567
4861
1683
3561
117
2697
390
3630
4815
4910
4719
4445
1177
2745
2641
1632
4567
4210
2195
3143
2347
2226
210
385
3166
1993
1401
1603
1006
1675
3363
2834
2399
756
866
1040
359
3538
1819
298
3752
421
1799
3277
1106
4402
4023
1136
4841
3026
3742
1322
2841
4993
3979
30
2117
4936
852
1138
1293
4660
1795
495
4393
4612
2275
1246
3779
2035
1899
671
698
892
4296
2464
4046
2432
1727
3069
4034
4619
4991
1838
1236
3650
1098
1156
4406
284
4589
4287
2473
4058
4542
4204
2327
4699
1705
2356
2646
1195
3448
718
3318
1551
4548
2034
1236
4247
904
1604
519
848
4723
4391
4650
3760
3103
1976
2557
4630
3750
2855
3756
88
552
4558
2954
4072
1124
1720
2768
2384
4025
4168
4298
4074
4452
3955
3687
4361
4947
2989
4566
2662
1339
1376
4488
57
965
2837
3034
2347
867
3778
3027
4733
1520
4988
4464
4234
4924
4397
4872
3205
750
612
1523
735
3891
475
4387
4585
4239
2025
2762
617
3041
4669
4291
857
3833
1072
162
4681
4029
954
2936
1516
4019
2808
59
379
3417
1540
4545
232
4279
3889
2283
2402
31
1057
494
4159
3065
3645
1329
1897
4083
1425
170
2731
3781
4318
4780
955
2201
3660
13
3924
4472
3971
3676
733
2499
591
2357
184
4034
3782
2484
4638
2061
2932
1303
3430
4186
3015
3398
1552
2972
4716
1626
2882
6
1610
4434
4362
986
4645
2184
1738
40
4105
172
276
269
3937
4507
2834
3836
3503
2795
2622
1729
3681
2340
2272
4974
374
4698
3000
285
3263
4542
3847
1017
1411
2633
4581
4161
2100
4087
887
1490
574
2675
126
2857
3230
4474
725
3083
4831
1995
292
3294
851
3883
3969
2791
477
3187
1782
3845
3714
2967
2973
3837
2046
2678
2695
1379
54
3860
2983
3293
1621
3493
4914
1758
3927
2132
1306
4537
1622
2602
1778
1146
2533
2509
1249
53
3003
1966
1857
3570
696
4930
1858
4051
525
283
2437
3422
2825
1972
2432
470
2038
1526
1131
941
1518
3316
4730
2813
1404
1455
3620
3673
2537
2902
4819
2416
3872
2228
276
996
981
2833
1101
13
741
2085
4094
1727
1402
1793
1527
4400
1455
3004
3133
1754
3812
2186
2853
2562
4312
603
2351
231
4021
3859
1193
1932
4106
1794
2559
892
283
269
4180
288
853
4973
3228
1668
3985
1422
1629
1478
3607
311
3254
277
1926
3939
2413
3823
3817
1572
2143
1626
4183
688
3680
2401
1863
279
3296
373
1569
2808
2376
997
4350
3649
2702
3140
4853
2612
3744
4873
4175
457
2079
1740
4402
2506
2828
4880
3855
1530
4039
3793
2484
1399
1273
381
3757
2448
1621
2423
4145
994
1170
4678
3312
3560
4766
206
2896
2254
1088
1339
3601
1927
1348
925
199
4707
3145
1382
413
1214
4387
3292
2048
3646
723
1184
1813
827
3700
2378
2386
4386
1200
1588
48
1208
1140
202
4703
1156
897
4416
572
3478
994
1537
2401
4052
673
847
1605
1673
1336
959
4374
2125
3450
1486
3981
3930
2905
3674
267
3453
2514
2850
4177
4754
1812
3432
280
1447
195
995
4496
3993
3099
3608
758
1319
3916
580
1664
1973
2619
2566
3639
223
1504
986
4298
3423
2037
2653
398
3266
2915
3266
1188
3402
4712
1549
4349
3729
3761
2321
2900
4456
2425
2943
3191
385
3277
544
1803
1995
4954
350
2310
2697
292
3516
260
3434
411
2677
1242
1157
3462
4946
3058
377
1057
4431
804
2843
4134
1778
3127
36
4330
3636
1868
1659
4055
2992
3183
902
4000
564
3550
1731
4878
3944
2078
485
3997
4768
2231
4542
3871
3576
356
174
2273
2965
884
4329
4426
1515
4729
1574
4404
3566
2108
1025
2754
3566
508
1842
2581
3855
4579
2083
748
4437
3767
3261
3711
4833
3901
3616
1543
4521
4605
3955
2559
1003
2104
2187
484
1201
40
3981
1722
1134
1717
2168
3271
346
4908
4710
2157
1785
3131
1729
3627
4632
4562
3944
3517
1845
1495
4240
3185
4273
293
826
3731
2829
1565
4048
1144
1259
2562
659
4809
2562
743
510
2851
2968
3390
4538
4780
594
4482
4813
1170
80
1810
866
1366
186
1403
4425
2353
4133
1851
2517
4986
3083
3731
3786
3947
1126
303
1276
715
2277
4337
3979
1275
2620
119
1272
3516
3207
1715
4699
601
1013
390
4543
880
1500
1248
4477
4799
719
4206
936
2581
3202
2985
4458
1474
2783
4468
1552
1320
4138
3877
4629
4637
3196
1340
1187
3818
2666
2905
2563
3567
154
1869
4380
3438
4132
4315
2871
3707
4772
3844
1341
79
128
3237
4740
2249
4365
3563
3224
1920
1025
4630
1822
2904
1826
2689
658
4694
318
3083
1407
1272
2322
1328
4283
3409
1059
1049
3086
4100
2157
4651
1357
3803
4473
2362
3378
4954
1353
4507
1835
4784
4299
744
2292
1856
3467
4638
1594
2906
2304
1305
721
3770
1636
1270
4373
4012
4449
76
288
4952
32
353
2877
2993
4684
639
351
1476
4222
1163
3816
3356
4310
4597
4286
2427
3293
3055
4448
4389
2719
1051
3459
2865
976
55
3995
4262
393
4459
2570
40
2591
4917
3864
410
1878
830
4128
2571
2911
1191
1981
2460
655
1212
4410
2259
3875
2328
2644
3181
459
4821
3593
2555
3538
307
2110
4648
667
1549
2325
3716
233
4922
4472
4723
3525
3174
4180
3554
1441
347
670
841
2686
3723
3639
434
2960
4975
3652
195
3354
936
214
2594
4813
1136
263
1758
973
2720
2626
4124
2836
1094
3412
1801
1525
2239
1566
1008
243
3325
1282
3946
3063
4254
350
1672
1670
170
4635
3332
1952
2464
3999
2567
2180
3485
4828
2649
1468
812
4263
1750
1658
1437
1067
3502
362
1836
440
429
1919
2790
845
826
4209
1564
1294
3063
2331
4457
514
291
3750
3742
2888
3672
144
2486
4795
2203
3398
4999
3701
3845
1927
1250
850
1131
3363
4930
3873
2716
1381
2542
168
4320
4213
1696
2199
1987
3119
589
2834
3944
2962
97
1251
1649
307
4433
4313
3093
3943
4450
3088
4357
2912
470
1673
2426
4747
1973
399
3749
1762
1206
1854
3934
3394
4170
4445
4439
1776
4456
33
1769
2921
4728
554
1925
2324
516
3712
2124
1331
1364
2307
3643
2619
2397
4493
1063
3105
37
4885
4073
1505
792
4832
4342
396
3315
2962
434
3478
10
630
4226
4162
2863
479
4899
1918
2282
1032
2873
4660
2177
1294
1895
2990
831
4615
2611
2585
1174
1114
1625
44
2497
1873
3038
4232
1330
11
3141
2467
4357
3012
4573
1166
1219
786
378
1786
2296
3533
3316
3693
1828
1615
3751
92
2447
4556
3579
811
4918
2010
556
4450
4743
2475
2973
4748
3414
1493
205
858
1397
3240
3615
2521
3663
4613
3497
4751
4214
667
3737
1960
2158
2071
2613
2499
1560
2567
702
2710
1007
2463
4537
2172
60
1764
4718
3693
1383
757
4376
1208
4033
4319
1868
1723
1193
51
423
98
3178
2486
4172
1966
1946
3782
1548
1804
1265
3773
726
4969
2045
2612
3853
3511
72
4020
3835
806
3684
180
4227
4556
3738
2127
1083
43
749
3354
2767
135
876
3051
1237
2786
2742
4077
13
4095
2271
3533
1079
2095
120
2422
3048
2767
4178
3129
2757
1586
2397
2812
4379
604
4099
2475
1134
1338
371
3813
2746
4764
759
3651
4959
964
2659
1428
2492
4055
1708
2718
2648
3581
4936
3395
3269
726
3119
2154
2933
126
2771
4613
1763
929
4880
824
511
2360
1570
2955
1780
1898
2432
595
915
3590
1488
4277
3823
4562
3318
4375
572
4982
4981
4568
999
2773
2625
502
1887
4630
2984
202
1171
3393
3862
4154
2976
3842
196
2034
799
4998
781
934
1460
3858
3949
1396
2158
305
4732
3555
1694
2549
3794
3483
2695
4473
3382
2242
1597
3216
1849
4337
2676
3108
3615
4303
2140
2161
3233
1339
3265
600
3676
1400
1442
1631
683
4720
3706
3362
695
3350
73
4193
4751
2147
4054
1636
2427
4321
2486
1284
1559
1280
656
2775
1745
1802
2168
4558
3785
2167
876
2660
344
3049
716
1161
4242
3066
3389
419
4909
1358
4835
3615
4637
2688
3213
3773
2311
2161
1982
1374
1680
1243
147
205
2158
3504
292
4992
2955
1666
1202
3725
4828
51
625
1496
4828
141
170
245
3214
2977
4703
645
2416
1239
2015
3607
2088
4710
3827
4992
2756
1874
971
1271
1617
2115
4661
4653
3381
4031
3034
1332
2411
2947
132
4941
3096
3255
1899
1985
4102
1783
1022
2512
1212
2078
3566
932
2368
2812
2055
57
3732
2293
697
1082
1051
1938
604
3044
3685
3388
3140
4666
2542
1489
2679
1964
2250
892
1641
4124
2220
2546
3399
1082
2069
1159
2424
306
3743
1740
4799
4485
3933
4892
3410
1683
2000
4997
1111
3321
75
3554
4034
3744
2839
4992
4151
4715
1161
821
417
4899
2913
2002
4532
3443
2906
4801
1135
2401
795
1131
3335
1819
544
4964
53
1832
3873
4207
4320
3636
2141
1123
188
4947
2710
3592
870
277
4589
1662
4718
143
728
930
544
3032
3806
2645
1291
1664
1835
4387
2776
2017
2882
1096
4197
428
2432
1340
1752
75
4201
3550
1403
739
440
3853
1803
3147
4268
610
4652
4135
931
4723
2024
1614
3778
2684
4998
4464
1427
1123
4640
1584
2313
2256
4560
3516
3819
1092
1940
1816
4899
643
3535
4380
3554
1842
3991
4745
3201
2634
2069
67
4957
953
1847
1707
4410
4517
2101
2762
4219
4700
308
1028
90
1589
4453
1502
529
1722
96
982
4226
4072
2140
1088
2871
1274
2463
2956
2032
2050
1978
202
1100
2006
2417
1799
3115
1119
2463
3755
3436
1212
679
4954
846
1585
4004
534
4717
1287
843
1036
616
4785
582
2734
3457
1060
375
2094
1847
3574
2702
2224
866
3056
3460
4024
3003
1874
181
3265
3231
1085
1607
833
531
1297
3955
888
1259
3026
831
610
120
4229
2657
3192
4200
3955
4755
3244
3735
4389
244
1003
331
1687
2218
4560
2714
3232
2763
4472
4269
1304
4404
2142
3145
982
10
4340
1659
1861
3799
3807
2087
3698
2250
4118
2852
3330
2184
223
4008
4936
4113
898
1170
3512
2914
1180
809
4738
2157
689
1690
4692
2486
4072
321
3014
2554
2146
3338
3102
3551
990
3285
2724
3349
1347
1736
3827
3163
3133
2251
313
3442
4806
961
1129
38
2322
723
3652
1299
1499
4315
3757
4412
686
4982
3431
3095
3679
1793
3559
1702
4551
2293
4406
2080
2001
3957
3469
270
3018
2688
4606
3055
4316
2129
2962
3969
894
736
7
4365
4064
1727
4021
4125
3748
3598
1739
4759
871
2695
2510
3334
2904
4174
370
4097
2678
4439
3872
647
4483
3858
376
231
1008
424
482
8
1480
3106
3756
2217
710
2832
1211
1659
620
3465
3306
1619
1551
3459
4743
4062
167
4329
3384
299
2064
1961
888
3777
742
4679
785
1876
3091
1323
2147
594
2406
1875
1019
4942
1922
1227
2184
2815
2801
1695
1270
4396
4642
2069
1309
895
2079
1697
3187
1544
2032
4794
312
1348
3166
128
3294
4322
4685
11
567
3112
2038
1361
3662
4095
4942
2062
3584
56
4823
4967
35
2967
854
2688
4905
216
2411
1786
1324
3928
1732
4996
3040
1112
2386
3349
4938
4804
2632
1637
2751
961
1510
396
3860
3628
2220
888
711
3577
545
4931
1402
889
4755
3529
2668
1504
4562
1874
3705
3084
2228
4949
3651
3277
2953
2713
2684
4768
817
4429
531
423
1678
366
2406
2453
32
271
2109
2114
995
3397
4577
4144
4990
1165
3796
360
3459
937
2771
2726
964
2082
4759
3008
4166
2881
2806
1200
1514
3025
4985
1154
1821
2602
4966
961
4642
3488
779
3038
4818
3471
2129
3784
4595
4001
1275
1808
3392
4530
3704
540
3379
3152
1978
60
3489
955
1050
3459
4796
3467
1067
848
1125
4143
834
125
3117
2316
2157
1363
2401
961
3582
2413
2888
3316
1270
2602
4134
3526
3667
4752
1016
2489
2493
3087
2622
1676
1930
1346
4201
3918
4342
2485
3965
2974
2082
3257
3938
1342
4045
4301
4780
873
3227
2979
864
2122
538
4034
3556
2137
4348
4792
1081
490
3038
2451
109
368
3943
185
822
1844
3158
365
2017
959
1992
4576
2639
3432
635
2003
2470
535
2050
3292
404
3159
2729
1095
854
3965
901
3104
3739
106
1761
4308
3555
483
4727
3227
3697
23
3845
3840
2121
4530
4706
1966
1288
2979
4511
3649
4316
4239
3143
1607
4486
4233
2238
1272
3925
1844
4374
635
3354
1345
445
2037
526
1042
3085
2975
2918
2904
4634
3603
3358
4449
724
4326
2104
4016
3263
3472
2822
2936
1417
34
3554
4774
4951
714
574
2244
1785
3574
4483
344
21
1964
970
2905
470
372
896
2866
4839
4135
592
2379
4711
203
2899
4090
3083
610
2202
4412
3518
1941
2072
3208
2907
4071
2731
1118
2872
1822
1086
1950
236
2660
3387
2033
3147
1311
2495
1151
27
2112
1251
97
3746
1252
4259
814
2590
2652
2973
1842
107
2766
4358
483
2325
1924
2728
4529
2508
641
3700
1266
1616
3421
2307
1034
4690
4833
4390
4305
4056
2999
4130
2308
3212
2107
1569
4520
3714
2305
4811
963
3676
4541
599
4691
4873
4926
4188
4875
2970
70
1981
17
1104
1117
565
2767
2690
3178
2380
3238
1613
2365
2150
721
2700
55
452
694
474
968
2919
3699
4835
4083
4074
137
2637
2073
1511
4055
2591
2075
52
3022
3564
3409
3077
4223
2397
1926
3665
1579
4310
1064
137
4765
833
3626
1183
2631
1058
4648
4866
1323
3555
2028
4987
4722
3034
4467
4200
2653
3927
1666
4684
1764
2419
2381
538
3558
4789
2771
981
1683
975
1
743
708
4236
4320
657
3710
857
277
1114
3963
2308
1148
619
1379
291
3192
1171
205
192
2600
2146
2641
1288
4741
1143
3163
191
2543
4432
501
3230
2119
3252
2725
4496
39
222
2984
1954
4748
4908
3247
1544
3628
1549
3421
2637
2155
3588
2722
1255
3595
338
2511
4537
4914
1352
3908
186
881
507
1454
79
1282
376
358
2363
1184
2616
2531
4848
2982
1823
1166
2613
360
933
3293
4184
341
3182
2024
3340
3722
656
2449
4730
2145
4934
664
1462
2841
2261
4380
3010
4912
1469
2540
1537
83
687
4249
4274
3067
2199
1495
1086
342
718
1972
998
161
2960
2404
3771
3761
2733
2230
4770
2013
203
791
2437
1519
4395
4839
4858
2081
4415
2594
3650
2451
119
3196
2185
1079
2113
3632
4553
998
4066
2439
4263
2542
891
3488
4499
2199
11
3441
1549
2572
4059
16
292
2565
4850
4270
4628
3805
4199
830
117
4596
4846
2453
3865
1488
3772
88
4406
2232
1869
4623
1222
2869
3212
2261
1103
4887
4146
2209
3381
4736
675
3903
1852
3670
56
3630
347
926
307
4648
2548
862
188
130
2259
789
2437
4635
1389
797
4898
4200
102
886
1067
4155
1110
3764
512
447
1893
1298
1273
2936
3311
1639
1903
570
4004
2533
399
4293
2800
2381
1342
992
82
2455
1527
4363
1459
2346
2358
3064
2577
2380
1458
269
313
921
704
1294
4754
3863
928
349
3215
4514
775
3034
4712
2155
2089
4664
3097
469
2012
2110
2972
2699
2197
1169
4910
1483
2079
4021
1898
1889
47
4780
4312
3360
191
3042
732
4515
2117
1156
2218
23
4521
3334
4806
548
3397
1858
2986
4901
1930
3407
1881
4439
2511
2018
4644
4729
1128
4961
3033
196
1989
2106
4778
2507
1251
833
1781
4392
814
756
3481
2933
15
4078
3329
3186
885
3171
383
754
4196
3722
3572
383
2188
3718
2670
1403
3838
2612
522
931
3880
3166
4074
305
4582
4587
3447
1166
3248
2287
2886
4903
956
3512
2997
3433
4582
403
3423
3933
1636
1854
717
4109
103
4322
4732
2939
4858
34
3059
1635
484
1922
3219
2140
4441
4524
4436
603
3797
4088
1794
0
869
3396
3323
1002
1937
3407
3200
637
2623
4997
1709
3948
3541
4817
2446
134
15
2354
4010
385
4628
3943
3855
975
2827
2378
45
4639
256
2046
4039
1277
1075
868
4534
3068
3103
1752
3310
3063
3027
899
4160
1219
1793
2648
2541
4579
1954
3846
1132
1938
710
1340
1142
2575
3700
675
2141
1245
2391
1856
1428
4998
3476
935
1341
1583
4218
751
228
944
3630
4872
2703
1492
538
923
2374
1080
4557
2503
725
4536
1315
55
4787
2518
222
1448
103
2902
1683
1222
119
2505
4999
3401
204
725
35
1483
1824
4155
983
3300
542
276
2564
1430
4220
4394
295
4177
4047
4921
3488
1431
401
488
4257
433
2736
2350
3875
4589
3744
4599
3437
822
1020
3631
4826
1462
2438
452
4651
2455
1578
1200
3535
834
3172
473
234
4776
4825
349
2531
3063
3914
4228
4061
1668
1021
1374
4701
2170
1343
1930
2327
765
4291
4578
4929
88
3809
4109
4415
4904
1364
3408
4176
2207
488
1231
196
4999
3918
3299
304
3944
4259
4241
924
568
2860
1847
2061
2151
1699
667
1895
2861
1070
2834
3796
2053
4306
600
4791
2725
1607
4553
221
2143
795
4242
1051
2677
4242
4703
2710
4387
4572
3052
4105
694
772
588
643
4715
4361
4227
947
2000
1202
3328
4173
2360
1996
3184
4838
4010
1612
2724
681
1632
3523
2647
1266
4689
563
4198
2820
262
2266
3774
3530
2553
2554
2085
2144
577
3429
4761
1860
3457
3481
3636
4496
1198
2866
4156
4677
4893
4324
399
4467
707
3950
910
2831
2063
1383
3604
4492
519
4452
4154
3931
4838
474
1969
86
1753
3944
