52
546	628	571	245	668	215	480	524	987	407	238	714	498	70	538	178	816	285	58	213	386	102	305	931	904	610	601	954	737	302	810	893	440	627	522	321	12	932	295	756	500	579	623	979	858	453	485	638	646	415	401	517

24	43
25	43
30	37
3	5
15	29
39	49
25	48
41	45
45	46
11	24
51	51
18	41
14	28
1	49
38	49
35	45
32	40
41	41
28	34
42	50
22	39
25	36
10	47
48	51
50	50
51	51
44	46
37	51
22	38
45	48
9	36
41	45
5	17
14	30
49	51
36	37
1	28
51	51
5	5
25	33
45	51
45	50
21	26
9	30
25	39
18	34
47	48
22	44
41	43
37	42
3	35
33	33



240
2	13	30
1	7	769
2	34	42
1	14	354
2	38	47
1	41	276
2	7	41
1	20	789
2	37	47
1	22	888
2	10	14
1	3	914
2	37	42
2	22	39
1	25	281
2	11	23
2	22	39
1	33	700
2	44	47
2	22	39
1	5	894
2	39	41
2	22	39
1	52	455
2	42	45
2	22	39
1	35	518
2	6	47
2	22	39
1	8	459
2	3	12
2	22	39
1	7	303
2	1	15
2	22	39
1	36	990
2	35	36
2	22	39
1	47	72
2	42	49
2	22	39
1	24	434
2	25	38
2	22	39
1	9	256
2	45	48
2	22	39
1	41	461
2	39	48
2	22	39
1	38	379
2	10	20
2	22	39
1	45	918
2	8	23
2	22	39
1	18	851
2	24	39
2	22	39
1	8	285
2	14	17
2	22	39
1	3	757
2	35	49
2	22	39
1	2	258
2	18	47
2	22	39
1	9	341
2	8	14
2	22	39
1	33	138
2	39	47
2	22	39
1	30	291
2	40	48
2	22	39
1	5	519
2	15	27
2	22	39
1	49	48
2	5	15
2	22	39
1	52	297
2	28	30
2	22	39
1	49	690
2	40	43
2	22	39
1	52	976
2	15	23
2	22	39
1	24	792
2	37	38
2	22	39
1	15	424
2	43	49
2	22	39
1	39	197
2	1	16
2	22	39
1	47	392
2	15	29
2	22	39
1	30	991
2	35	35
2	22	39
1	46	553
2	42	51
2	22	39
1	30	933
2	21	31
2	22	39
1	36	806
2	3	23
2	22	39
1	24	64
2	29	29
2	22	39
1	31	48
2	17	45
2	22	39
1	19	793
2	44	51
2	22	39
1	38	825
2	20	38
2	22	39
1	51	667
2	22	39
1	43	761
2	11	46
1	27	416
2	46	48
1	28	632
2	22	51
1	11	324
2	3	13
1	27	165
2	45	45
1	23	954
2	47	47
1	13	999
2	16	17
1	17	818
2	41	48
1	13	724
2	9	44
1	15	607
2	36	49
1	19	446
2	24	25
1	15	374
2	30	40
1	48	727
2	33	44
1	52	502
2	27	29
1	2	32
2	2	31
1	35	504
2	45	49
1	38	437
2	40	44
1	26	186
2	32	41
1	34	42
2	12	44
1	49	634
2	6	41
1	41	836
2	15	24
1	38	90
2	19	21
1	51	647
2	41	50
1	13	429
2	39	50
1	35	930
2	31	40
1	8	54
2	3	18
1	35	797
2	20	39
1	11	890
2	12	23
1	31	687
2	15	32
1	46	340
2	20	43
1	10	162
2	6	17
1	18	471
2	5	35
1	10	618
2	14	42
1	30	650
2	7	25
1	30	717
2	3	10
1	27	918
2	48	49
1	13	901
2	19	23
1	43	852
2	27	45
1	41	283
2	5	28
1	25	874
2	37	39
1	9	233
2	11	40
1	25	822
2	20	37
1	16	4
2	18	42
1	4	99
2	8	25
1	16	814
2	1	46
1	19	211
2	50	50
1	14	247
2	17	49
1	18	178
2	6	39
1	12	591
2	25	39
1	7	177
2	29	50
1	44	679
2	32	43
1	32	188
2	48	49
1	42	448
2	19	44
1	6	496
2	42	46
1	1	515
2	42	46
