8

11 4 13
19 10
8 7
11 4
26 1
4 2
15 4
19 4
1 9
4 6
19 5
15 10
2 1
3 100
4 10000
5 1000000



11 4 13
19 10
8 7
11 4
26 1
4 2
15 4
19 4
1 9
4 6
19 5
15 10
2 1
3 2
4 3
5 4



1 1 1000000000
0 500000000
1 1

1 2 2
1 1
1 1
2 2


1 4 2
1 1
1 3
2 2
3 1
3 2

10 10 1000000000
180084403 673161543
156275720 972625057
612741097 969409961
523805988 763518869
214619158 772977271
390476662 551934092
21911894 720568013
340189139 530916272
477311250 331956325
454581643 663452548

426162611 872088
437872517 1262418
427658157 921939
426342315 878078
415954607 531821
45852441 195082
428858323 961945
429952996 998434
432716502 1090551
413166318 438878




250 250 500
0 1
0 2
0 3
0 4
0 5
0 6
0 7
0 8
0 9
0 10
0 11
0 12
0 13
0 14
0 15
0 16
0 17
0 18
0 19
0 20
0 21
0 22
0 23
0 24
0 25
0 26
0 27
0 28
0 29
0 30
0 31
0 32
0 33
0 34
0 35
0 36
0 37
0 38
0 39
0 40
0 41
0 42
0 43
0 44
0 45
0 46
0 47
0 48
0 49
0 50
0 51
0 52
0 53
0 54
0 55
0 56
0 57
0 58
0 59
0 60
0 61
0 62
0 63
0 64
0 65
0 66
0 67
0 68
0 69
0 70
0 71
0 72
0 73
0 74
0 75
0 76
0 77
0 78
0 79
0 80
0 81
0 82
0 83
0 84
0 85
0 86
0 87
0 88
0 89
0 90
0 91
0 92
0 93
0 94
0 95
0 96
0 97
0 98
0 99
0 100
0 101
0 102
0 103
0 104
0 105
0 106
0 107
0 108
0 109
0 110
0 111
0 112
0 113
0 114
0 115
0 116
0 117
0 118
0 119
0 120
0 121
0 122
0 123
0 124
0 125
0 126
0 127
0 128
0 129
0 130
0 131
0 132
0 133
0 134
0 135
0 136
0 137
0 138
0 139
0 140
0 141
0 142
0 143
0 144
0 145
0 146
0 147
0 148
0 149
0 150
0 151
0 152
0 153
0 154
0 155
0 156
0 157
0 158
0 159
0 160
0 161
0 162
0 163
0 164
0 165
0 166
0 167
0 168
0 169
0 170
0 171
0 172
0 173
0 174
0 175
0 176
0 177
0 178
0 179
0 180
0 181
0 182
0 183
0 184
0 185
0 186
0 187
0 188
0 189
0 190
0 191
0 192
0 193
0 194
0 195
0 196
0 197
0 198
0 199
0 200
0 201
0 202
0 203
0 204
0 205
0 206
0 207
0 208
0 209
0 210
0 211
0 212
0 213
0 214
0 215
0 216
0 217
0 218
0 219
0 220
0 221
0 222
0 223
0 224
0 225
0 226
0 227
0 228
0 229
0 230
0 231
0 232
0 233
0 234
0 235
0 236
0 237
0 238
0 239
0 240
0 241
0 242
0 243
0 244
0 245
0 246
0 247
0 248
0 249
0 250

1 1
2 2
3 3
4 4
5 5
6 6
7 7
8 8
9 9
10 10
11 11
12 12
13 13
14 14
15 15
16 16
17 17
18 18
19 19
20 20
21 21
22 22
23 23
24 24
25 25
26 26
27 27
28 28
29 29
30 30
31 31
32 32
33 33
34 34
35 35
36 36
37 37
38 38
39 39
40 40
41 41
42 42
43 43
44 44
45 45
46 46
47 47
48 48
49 49
50 50
51 51
52 52
53 53
54 54
55 55
56 56
57 57
58 58
59 59
60 60
61 61
62 62
63 63
64 64
65 65
66 66
67 67
68 68
69 69
70 70
71 71
72 72
73 73
74 74
75 75
76 76
77 77
78 78
79 79
80 80
81 81
82 82
83 83
84 84
85 85
86 86
87 87
88 88
89 89
90 90
91 91
92 92
93 93
94 94
95 95
96 96
97 97
98 98
99 99
100 100
101 101
102 102
103 103
104 104
105 105
106 106
107 107
108 108
109 109
110 110
111 111
112 112
113 113
114 114
115 115
116 116
117 117
118 118
119 119
120 120
121 121
122 122
123 123
124 124
125 125
126 126
127 127
128 128
129 129
130 130
131 131
132 132
133 133
134 134
135 135
136 136
137 137
138 138
139 139
140 140
141 141
142 142
143 143
144 144
145 145
146 146
147 147
148 148
149 149
150 150
151 151
152 152
153 153
154 154
155 155
156 156
157 157
158 158
159 159
160 160
161 161
162 162
163 163
164 164
165 165
166 166
167 167
168 168
169 169
170 170
171 171
172 172
173 173
174 174
175 175
176 176
177 177
178 178
179 179
180 180
181 181
182 182
183 183
184 184
185 185
186 186
187 187
188 188
189 189
190 190
191 191
192 192
193 193
194 194
195 195
196 196
197 197
198 198
199 199
200 200
201 201
202 202
203 203
204 204
205 205
206 206
207 207
208 208
209 209
210 210
211 211
212 212
213 213
214 214
215 215
216 216
217 217
218 218
219 219
220 220
221 221
222 222
223 223
224 224
225 225
226 226
227 227
228 228
229 229
230 230
231 231
232 232
233 233
234 234
235 235
236 236
237 237
238 238
239 239
240 240
241 241
242 242
243 243
244 244
245 245
246 246
247 247
248 248
249 249
250 250





250 250 1000000000
180084403 673161543
156275720 972625057
612741097 969409961
523805988 763518869
214619158 772977271
390476662 551934092
21911894 720568013
340189139 530916272
477311250 331956325
454581643 663452548
278613769 679408622
114944049 769361463
345057599 410777072
442652934 527215250
380245298 815967359
914755385 228745687
354643733 604247826
6219733 788083841
581916698 810708000
880643851 832848576
380657618 228307592
233654342 423164286
217356115 947162516
537000338 971290133
936191390 990085158
301246658 272729404
99818279 928419893
907182979 870180043
370608621 486063251
519237696 889983953
256637381 7787749
339847945 167762871
220605571 484604622
406795411 22541266
420459324 915763824
251453574 988650977
136646169 224359712
550512134 601343565
476524146 879366134
330898935 567163575
511798702 406598796
762686177 520001558
698248312 391545328
431540690 315441805
351860121 401118242
492714619 806702070
410453532 439360324
890775291 87987681
913074250 744353633
626295076 60280049
781874921 700846451
116773824 405453999
273920085 805538667
394779287 830076112
794719840 743935546
176529213 675137517
400595821 174245152
170286499 903972777
80411895 227429991
300054221 263189200
286160622 825898439
256160801 418492680
656000259 179440495
466097475 108615169
391806112 331613902
159876643 263432809
317278208 105185615
888930964 915270099
38345722 385777454
531506609 192691158
584817304 178453912
351751682 455245985
566499300 721936499
130860169 906053387
432887767 536420562
667811159 582687143
810335809 645360495
659898945 906494947
688561651 150076501
596337018 360461409
489020666 466792697
704993130 606045098
437930935 697063334
201090104 602323394
148368927 6752862
174628776 924042573
332684758 441827115
437516189 331500320
315105095 907637342
228779662 233623924
881808150 137741187
699969882 607335403
209785231 134297240
880947398 561610919
254141751 588594853
610653523 606533225
229938717 931169849
577891849 941207911
848896046 85050419
869352476 233118799
493051285 354433286
287813343 742986614
843745976 713198228
395224237 241921496
856656099 668190786
304320877 758841924
183743270 530963108
935798504 503056405
185385072 571161739
142121986 115862572
499150476 913372857
766110608 475510400
369696397 337364405
267815801 328132287
65324329 461664402
867571696 839305603
350609497 2929540
35799721 139554385
237782394 300570500
629602244 197784971
930871670 932899567
99871213 446023436
961508191 550749747
889775526 194383143
489955261 250620071
66656718 870155958
6366305 515345687
962933431 184141729
253202706 824143610
279718578 274135131
156694739 526573352
687799179 561093398
733700012 883624235
927985815 831452714
130007318 30506748
364270070 378137153
92670008 863277145
583594247 155905752
391068999 605026091
838400248 309533483
812803153 223502480
30960097 927704067
774612177 741721156
19089988 361693436
152596314 2850160
788753543 76530123
857545892 891530957
25301526 549730596
176890789 620840147
7700137 532817927
656760244 216466146
738860992 230693223
883426065 371241021
204030511 759069394
116783404 639606878
44394533 616477410
124167638 775091482
933671119 696381865
288432152 46957445
633810746 897278113
26862205 482825714
936968437 921548522
975307139 876248883
548655080 113603271
695745052 119943494
974234520 920875698
512491006 205957780
740508225 403525615
404514587 311525200
23711047 560900552
467561051 6604383
608238417 781016328
329118424 793736211
270577222 143465873
733883575 435097956
386759884 89782246
140093989 628446678
806940588 527757382
181395071 389658772
993986126 154219484
636532968 901032947
706679763 676891785
91956403 755941897
959757263 194019651
116350945 517149241
251291100 629669525
877305545 543373905
103694078 558136174
620163988 113073334
196818847 399880941
78359476 257711017
763018112 738515933
334611127 617337261
53376588 103592899
445744856 823037443
275527745 577597271
177771535 425503674
76315237 542263391
968265968 673671343
465411831 539357908
525170570 374657969
286750303 275710796
83331870 15746659
466083876 262987419
524378093 295788714
364562340 419384477
714132930 880717249
964525128 892195382
312567184 148582155
286640290 134456954
625640675 977544180
591140723 451991737
571958961 800221436
790112155 577098228
68990473 772474409
63117624 72386396
496352732 196195020
890479123 459403602
775539684 205532874
211715256 142000818
438464539 686063873
702072685 451955517
189956442 93706578
560703023 334251515
746237131 217732654
993462297 509747883
331791300 412154364
714765131 214033863
504871262 371952942
970144763 281034902
845572496 625708267
881850790 938569094
366749820 774209591
605223147 326734183
60863822 845616955
759488752 506471617
472552584 304395718
285480902 984129178
443926956 406228129
346244390 112560865
86565358 483231702
550785562 996921526
342529726 652639142
876500486 522020058
5741641 177580269
297326750 240334000
371449461 578629267
313587644 449022130
603240703 252065618
114571331 601610652










26162611 872088
37872517 1262418
27658157 921939
26342315 878078
15954607 531821
5852441 195082
28858323 961945
29952996 998434
32716502 1090551
13166318 438878
13057107 435237
19658803 655294
19607135 653572
38066727 1268891
33944420 1131481
8064925 268831
20189184 672973
19212389 640413
10760603 358687
4017205 133907
2912404 97081
12097963 403266
36097456 1203249
10158075 338603
950024 31668
26288827 876295
16793588 559787
38851018 1295034
17320958 577366
23131031 771035
36456029 1215201
14820909 494031
30806229 1026875
30129803 1004327
3319583 110653
23712063 790403
27556462 918549
19576884 652563
32092403 1069747
3907230 130242
31943864 1064796
19721592 657387
35433873 1181130
12955435 431848
29368618 978954
35940045 1198002
19645701 654857
7225630 240855
37203049 1240102
36091413 1203048
23491201 783041
2184 73
1668085 55603
34135925 1137865
17215392 573847
37429700 1247657
183392 6114
28966646 965555
31441557 1048052
13793481 459783
13840868 461363
34553464 1151783
11335761 377859
18287416 609581
15299569 509986
7852166 261739
24125858 804196
11780812 392694
6780849 226029
28116797 937227
21990884 733030
27378406 912614
25419577 847320
8257367 275246
34182101 1139404
12891616 429721
25745386 858180
23896421 796548
34596334 1153212
4489940 149665
26415933 880532
15309328 510311
6676685 222557
27423866 914129
32250813 1075028
35529417 1184314
18898947 629965
32516770 1083893
37952184 1265073
36823714 1227458
38989653 1299656
18677036 622568
39157086 1305237
12121163 404039
25056823 835228
29755205 991841
21929639 730988
9438220 314608
4602738 153425
7050716 235024
23954739 798492
27331047 911035
32461182 1082040
6210357 207012
16465287 548843
18852098 628404
11023393 367447
29590605 986354
2681660 89389
16475931 549198
3076116 102538
8357959 278599
17225544 574185
21466226 715541
14435698 481190
7343353 244779
33796758 1126559
5321231 177375
14467157 482239
24039432 801315
28559344 951979
28789425 959648
34198451 1139949
13311879 443730
38281838 1276062
32075595 1069187
36702341 1223412
21231292 707710
22307398 743580
15472241 515742
33638601 1121287
19132731 637758
38855593 1295187
26810073 893670
30438459 1014616
29536860 984563
4792102 159737
32974430 1099148
21015983 700533
907405 30247
25853957 861799
37748965 1258299
22266121 742205
12847919 428264
8895093 296504
945956 31532
10989909 366331
27740721 924691
20257889 675263
30152083 1005070
2873322 95778
24904821 830161
37378228 1245941
24305087 810170
10016657 333889
27511521 917051
35930703 1197691
36967863 1232263
8570581 285687
22439703 747991
13178568 439286
37797541 1259919
6373663 212456
33734314 1124478
28459940 948665
34443968 1148133
10105955 336866
37136646 1237889
33129862 1104329
34442101 1148071
2035646 67855
18959661 631989
14040125 468005
19208650 640289
18556020 618535
27693095 923104
36117538 1203918
5256435 175215
12907305 430244
26702197 890074
33100458 1103349
26396291 879877
39313579 1310453
21176192 705874
25140375 838013
25600154 853339
15597884 519930
12865573 428853
20532248 684409
31935193 1064507
18653826 621795
20881664 696056
9402770 313426
6497031 216568
12520977 417366
34506322 1150211
3264606 108821
34571049 1152369
13668019 455601
34450202 1148341
32938317 1097944
34070862 1135696
13819418 460648
18601202 620041
27062672 902090
15969725 532325
12969158 432306
6873275 229110
24389666 812989
15308246 510275
34510953 1150366
16968540 565619
32406789 1080227
21954427 731815
27906530 930218
24980624 832688
24223210 807441
31356218 1045208
15927568 530919
10596574 353220
10736491 357884
34094850 1136496
2814069 93803
37790698 1259690
23294188 776473
7068857 235629
8693146 289772
4395408 146514
23622416 787414
8451273 281710
121920 4065
24289323 809645
4975410 165848
26596234 886542
27423641 914122
31468080 1048937
1589953 52999
7748775 258293
37450463 1248349
18292230 609742
7883920 262798
29656906 988564
30017536 1000585
31542189 1051407
23017446 767249
21974640 732489
36807526 1226918
5383427 179448
34229869 1140996
23421928 780731
