6
1
2
1 2 0
2
1 2 1
3
1 2 0
1 3 1
3
1 2 0
2 3 1
401
1 2 0
2 3 1
3 4 0
4 5 1
5 6 0
6 7 1
7 8 0
8 9 1
9 10 0
10 11 1
11 12 0
12 13 1
13 14 0
14 15 1
15 16 0
16 17 1
17 18 0
18 19 1
19 20 0
20 21 1
21 22 0
22 23 1
23 24 0
24 25 1
25 26 0
26 27 1
27 28 0
28 29 1
29 30 0
30 31 1
31 32 0
32 33 1
33 34 0
34 35 1
35 36 0
36 37 1
37 38 0
38 39 1
39 40 0
40 41 1
41 42 0
42 43 1
43 44 0
44 45 1
45 46 0
46 47 1
47 48 0
48 49 1
49 50 0
50 51 1
51 52 0
52 53 1
53 54 0
54 55 1
55 56 0
56 57 1
57 58 0
58 59 1
59 60 0
60 61 1
61 62 0
62 63 1
63 64 0
64 65 1
65 66 0
66 67 1
67 68 0
68 69 1
69 70 0
70 71 1
71 72 0
72 73 1
73 74 0
74 75 1
75 76 0
76 77 1
77 78 0
78 79 1
79 80 0
80 81 1
81 82 0
82 83 1
83 84 0
84 85 1
85 86 0
86 87 1
87 88 0
88 89 1
89 90 0
90 91 1
91 92 0
92 93 1
93 94 0
94 95 1
95 96 0
96 97 1
97 98 0
98 99 1
99 100 0
100 101 1
101 102 0
102 103 1
103 104 0
104 105 1
105 106 0
106 107 1
107 108 0
108 109 1
109 110 0
110 111 1
111 112 0
112 113 1
113 114 0
114 115 1
115 116 0
116 117 1
117 118 0
118 119 1
119 120 0
120 121 1
121 122 0
122 123 1
123 124 0
124 125 1
125 126 0
126 127 1
127 128 0
128 129 1
129 130 0
130 131 1
131 132 0
132 133 1
133 134 0
134 135 1
135 136 0
136 137 1
137 138 0
138 139 1
139 140 0
140 141 1
141 142 0
142 143 1
143 144 0
144 145 1
145 146 0
146 147 1
147 148 0
148 149 1
149 150 0
150 151 1
151 152 0
152 153 1
153 154 0
154 155 1
155 156 0
156 157 1
157 158 0
158 159 1
159 160 0
160 161 1
161 162 0
162 163 1
163 164 0
164 165 1
165 166 0
166 167 1
167 168 0
168 169 1
169 170 0
170 171 1
171 172 0
172 173 1
173 174 0
174 175 1
175 176 0
176 177 1
177 178 0
178 179 1
179 180 0
180 181 1
181 182 0
182 183 1
183 184 0
184 185 1
185 186 0
186 187 1
187 188 0
188 189 1
189 190 0
190 191 1
191 192 0
192 193 1
193 194 0
194 195 1
195 196 0
196 197 1
197 198 0
198 199 1
199 200 0
200 201 1
1 202 1
202 203 0
203 204 1
204 205 0
205 206 1
206 207 0
207 208 1
208 209 0
209 210 1
210 211 0
211 212 1
212 213 0
213 214 1
214 215 0
215 216 1
216 217 0
217 218 1
218 219 0
219 220 1
220 221 0
221 222 1
222 223 0
223 224 1
224 225 0
225 226 1
226 227 0
227 228 1
228 229 0
229 230 1
230 231 0
231 232 1
232 233 0
233 234 1
234 235 0
235 236 1
236 237 0
237 238 1
238 239 0
239 240 1
240 241 0
241 242 1
242 243 0
243 244 1
244 245 0
245 246 1
246 247 0
247 248 1
248 249 0
249 250 1
250 251 0
251 252 1
252 253 0
253 254 1
254 255 0
255 256 1
256 257 0
257 258 1
258 259 0
259 260 1
260 261 0
261 262 1
262 263 0
263 264 1
264 265 0
265 266 1
266 267 0
267 268 1
268 269 0
269 270 1
270 271 0
271 272 1
272 273 0
273 274 1
274 275 0
275 276 1
276 277 0
277 278 1
278 279 0
279 280 1
280 281 0
281 282 1
282 283 0
283 284 1
284 285 0
285 286 1
286 287 0
287 288 1
288 289 0
289 290 1
290 291 0
291 292 1
292 293 0
293 294 1
294 295 0
295 296 1
296 297 0
297 298 1
298 299 0
299 300 1
300 301 0
301 302 1
302 303 0
303 304 1
304 305 0
305 306 1
306 307 0
307 308 1
308 309 0
309 310 1
310 311 0
311 312 1
312 313 0
313 314 1
314 315 0
315 316 1
316 317 0
317 318 1
318 319 0
319 320 1
320 321 0
321 322 1
322 323 0
323 324 1
324 325 0
325 326 1
326 327 0
327 328 1
328 329 0
329 330 1
330 331 0
331 332 1
332 333 0
333 334 1
334 335 0
335 336 1
336 337 0
337 338 1
338 339 0
339 340 1
340 341 0
341 342 1
342 343 0
343 344 1
344 345 0
345 346 1
346 347 0
347 348 1
348 349 0
349 350 1
350 351 0
351 352 1
352 353 0
353 354 1
354 355 0
355 356 1
356 357 0
357 358 1
358 359 0
359 360 1
360 361 0
361 362 1
362 363 0
363 364 1
364 365 0
365 366 1
366 367 0
367 368 1
368 369 0
369 370 1
370 371 0
371 372 1
372 373 0
373 374 1
374 375 0
375 376 1
376 377 0
377 378 1
378 379 0
379 380 1
380 381 0
381 382 1
382 383 0
383 384 1
384 385 0
385 386 1
386 387 0
387 388 1
388 389 0
389 390 1
390 391 0
391 392 1
392 393 0
393 394 1
394 395 0
395 396 1
396 397 0
397 398 1
398 399 0
399 400 0
400 401 0
