5
1 3
2
2 3 4

2 2
2001 2002001
3 4


3 1
3003 3006005 9014988
4

1 4
1
3 4 5 6


300 1
664522267
501702909
854071924
594972596
792829690
921969599
45383496
129416459
341119837
491571511
345862412
284616721
802514667
519820175
14503929
362038516
348081820
603296991
533073123
753474637
73123234
671257887
658038934
689121069
400521463
286158055
100439096
290640212
153672287
560436235
549708156
310772163
905756222
359084588
842243314
650130267
888675335
98922060
140467195
877966662
175018997
252665161
697295342
767193400
603326299
65686686
722484743
780609056
61417176
756538978
234861791
576936835
478599602
964285472
671101541
981625363
668535729
683399911
489593639
869230275
498469933
298470487
825616795
650375974
723675603
766699571
969481105
395102439
97905311
459409680
917378757
128666715
729526143
50300994
447550211
670000149
875693798
794018914
232297530
408222059
177208055
859076006
534915922
682976170
931850243
844946666
167401435
840544340
453344006
537948277
63610021
393757722
867563872
489988628
952508529
548595152
628107817
969072856
916930607
173450841
839045878
110622164
332374258
754428510
664664099
474210314
528421265
142347432
573860302
391506248
510164640
106973849
315001666
799368515
30138161
456970155
620810992
268778962
393519293
308688715
204598671
683447114
600286681
505497641
356923709
108975138
615310610
919841887
536765573
393280025
703121960
874974046
787682211
408734553
971307849
297073222
907064263
693748922
1888351
324934848
101679546
985812910
954557103
352171145
228080118
223845504
507054240
655396786
484319417
553634763
297021105
325887039
480852372
407939307
594723660
888357875
177716314
201694369
684356226
440973424
230108934
292522714
359811654
397250367
205163967
744742217
930950965
158480610
178422961
256663713
652369266
837313909
389562679
167613218
835022378
75919822
394278078
571693055
431107585
155822129
167454007
943349234
985080876
962451453
334568836
674544261
59355309
462050266
463085547
598015182
58664821
209502128
463259175
547682701
527431962
421250740
661301342
734917449
472341708
610450686
479326252
148229044
900468786
249420161
777173299
281122694
971854266
497275292
787414558
898468340
784372104
798506683
571184931
666259290
262102427
628658846
726005480
237102996
643679568
415244381
134845382
847231370
849617183
769820232
655512807
739788133
542187844
331715955
892361939
634920551
160778321
75386427
435058641
791307249
104402126
468872566
851444459
62682552
120895967
308839968
833457997
381579801
795930346
694074855
352015825
99631419
373131047
844391973
223941778
114602532
403464755
592818128
228254146
329259595
766554403
364059199
255421180
366532241
55880061
916877520
423999158
658713614
66588894
798556685
235894206
645879391
470787422
845725285
247742784
680595405
700588168
951327056
511973032
985763465
652837728
990212648
974454777
763668767
936360535
857183130
446749336
691307784
552236642
124291389
196369107
657747249
659955820
857723886
29733485
225670743
876013020
231369852
84190724
545942389
909753913
902719525
397813196
553870115
33195779
528540030
2