50
0	986	2037	1240	153	723	455	1137	2414	322	2012	1325	1168	1648	559	274	1166	2138	1637	483	666	1459	394	1405	2404	2183	1060	13	2006	2221	2020	1698	1947	1691	656	1156	2001	605	489	169	939	1709	812	1884	2428	686	848	1260	1587	608
1181	0	691	892	2401	1074	1046	88	2314	1057	216	40	1529	270	223	1347	273	1358	1752	1318	1608	1327	1664	514	1071	906	132	856	1025	1948	615	663	2018	1033	2021	1390	1051	1099	1438	1456	1488	10	1084	368	1932	1771	1441	1321	520	335
754	507	0	331	1825	1582	921	871	1754	63	2418	2237	2257	2441	830	1176	1198	921	1257	1012	714	639	1284	1011	2062	98	2023	2399	2327	668	2267	1270	2284	2099	1633	364	788	1042	1690	1051	160	326	2227	1235	1596	713	379	788	2484	2252
1969	2446	2072	0	1633	309	2369	738	2425	217	235	744	2147	1529	688	2382	1088	328	1589	2215	1996	2054	5	1742	754	2385	549	436	2097	1738	1287	753	2013	959	972	2059	2485	957	755	127	526	2237	2279	943	908	1032	1344	660	1125	1118
1544	1666	1882	2057	0	2331	2109	2227	2199	1924	2083	414	1459	2019	341	1956	281	2410	903	1095	1122	1566	321	205	1511	965	1855	902	946	1499	373	1002	2266	2434	1060	2409	1452	1150	1381	633	894	1364	1186	33	2266	1529	2359	288	2154	996
256	1089	1253	2223	1855	0	1581	684	1140	2113	584	305	125	1659	2229	459	1234	1550	1140	220	637	1226	1467	1551	1904	43	1299	1907	778	259	2213	843	2117	104	2374	2476	935	448	249	1946	2200	1689	1328	515	231	1467	1983	732	135	1300
310	209	717	491	1512	303	0	1153	2387	306	2289	971	321	2015	2036	962	1543	51	1480	1949	1816	1414	2475	2057	1287	2151	2116	1026	1864	2211	1230	782	2426	1161	949	2195	137	1294	493	2272	623	1819	406	1228	1597	1247	2216	927	1425	143
1620	1217	1200	516	1064	2363	1019	0	591	610	464	242	2026	554	1735	741	1533	401	1913	1654	1829	158	1866	837	1907	1544	815	149	328	838	240	791	1347	333	1321	224	898	853	2383	515	2291	997	318	1745	1353	794	1140	1882	1582	479
1369	1508	207	2376	2485	1053	346	1481	0	1665	1698	1263	1322	2456	1376	470	2209	2276	1756	2076	1625	1459	1900	449	462	2425	766	1887	565	1376	2082	1397	676	577	250	942	532	1834	1603	756	424	1008	340	1647	1105	929	2005	390	1371	545
1591	1392	2267	568	1615	2414	1542	1524	1649	0	1613	1560	1427	1443	1190	1189	1026	1324	1385	2148	1331	1190	1582	746	1216	396	1840	1094	2487	255	1205	406	2389	1698	1076	1226	2192	1999	568	270	1381	749	1523	2299	45	2071	2500	1660	598	519
1798	2379	943	769	2256	1666	679	976	877	2037	0	82	1245	1800	2067	1466	2383	571	1614	2267	1831	1095	1175	2460	2404	1130	1544	295	2118	1071	1708	1466	2246	1101	2405	1472	807	2341	1553	1940	1583	1665	1074	2475	707	1732	434	1215	465	1998
1440	1161	320	312	1061	430	1194	440	215	1059	1805	0	290	345	793	572	2307	359	1805	906	297	860	2169	1321	1174	1885	1632	1385	907	754	2326	926	1324	1109	727	58	493	1068	679	2493	965	290	967	676	1133	2234	965	2366	2466	2424
1951	582	1421	1150	1854	2430	229	1427	444	1446	1144	655	0	1910	2278	689	1078	1741	946	1599	302	1955	1956	2009	106	2086	2431	1162	621	1827	1404	216	2310	1624	564	2000	2461	63	1848	753	330	1682	1459	2149	1311	1720	1466	1505	872	1394
445	952	1676	1026	1455	648	1520	118	2357	1201	1378	2118	1478	0	667	708	1266	1068	978	1052	1130	907	134	1463	1779	492	1001	1873	676	2222	2348	792	954	1833	2018	796	408	1373	491	2353	1779	2015	878	1830	1901	1879	2395	1507	2189	336
2150	618	2445	333	2019	829	284	1215	2330	2228	1139	2098	1588	2410	0	885	659	1207	204	1614	1900	1168	1953	2115	1938	2067	272	1347	1302	770	580	1089	1237	2164	271	715	1364	678	509	2147	1068	1688	2088	1620	404	179	2473	1007	84	1439
1489	666	684	325	750	148	1826	1455	1742	1297	235	2350	192	1969	953	0	823	2268	499	1917	1805	1770	1415	2401	2198	2108	1158	51	2091	2136	829	1378	2444	926	2165	230	1335	1258	980	741	2302	455	2078	946	165	2441	1499	1286	352	869
810	1016	962	1734	355	559	1401	130	278	1974	1659	1493	333	1654	45	2171	0	2410	174	240	1944	2023	127	1680	2234	887	540	1373	553	154	2038	343	2243	811	2277	571	1006	524	982	726	31	2054	1711	453	736	633	598	171	1508	1063
1021	730	2130	1278	1506	996	1449	2109	342	250	75	1017	439	299	1009	191	114	0	1007	1796	473	877	1300	1078	1536	2259	163	1295	1733	417	814	1177	1639	1096	727	320	2148	711	579	2275	2334	495	704	1316	25	946	1309	882	1063	1517
207	330	985	369	148	1433	1687	958	583	2318	2393	1023	2105	235	1895	1697	2084	135	0	536	146	321	841	331	2061	635	903	759	2313	977	289	176	1740	360	54	1900	1305	1643	1102	1973	2312	2366	374	740	2026	475	269	1712	1917	2016
324	1687	2227	1049	2159	742	1801	930	2042	501	1703	650	405	974	1323	1130	648	1374	700	0	801	828	880	1328	1952	1619	341	976	609	1779	938	1659	2266	1462	1255	14	1973	915	1686	355	77	514	1642	2174	1204	995	1703	646	2173	68
566	1838	58	161	81	250	41	28	1966	536	854	1094	834	486	1824	867	1206	398	1785	769	0	748	1531	278	304	658	2417	880	794	1452	1137	982	1846	91	1927	1275	819	706	2319	2004	482	726	1341	570	871	847	938	992	851	313
1820	247	1443	54	353	94	1314	133	1281	2479	668	1415	858	1032	2110	1220	294	2058	940	421	2142	0	1986	1575	1257	779	1030	408	1587	592	1135	946	22	313	1905	307	474	13	43	1097	299	2140	2211	1294	462	1659	1808	318	1555	1673
1042	923	2101	1966	1831	1614	1125	1758	779	1004	1908	888	453	2422	2411	1155	445	2383	1294	1636	46	740	0	1143	1605	547	137	2497	317	2198	76	743	1002	2193	325	1582	1118	1898	1162	1134	1404	1272	1721	2114	968	1488	565	1871	2383	1116
2284	802	923	1264	401	256	216	1712	176	1241	801	304	755	2172	2132	518	2111	1019	1669	710	2077	689	756	0	2193	2234	999	2374	2242	1194	2402	1089	1250	1222	1902	2332	122	1620	546	1886	875	2013	1253	397	1153	1388	834	825	520	159
1847	1368	131	660	1688	2353	1562	1142	1892	328	821	2026	1241	2386	1325	1795	2373	1892	2174	2351	1334	2036	2445	889	0	189	1352	65	1039	1642	1681	822	329	1691	111	176	2044	1372	1396	304	1014	475	595	1425	2269	1467	1424	1778	740	71
1532	1989	1256	1147	1396	1297	746	327	231	554	2164	1299	1294	348	1712	1732	702	42	2121	228	2498	2341	1295	2446	458	0	578	243	1527	750	713	1981	1021	335	872	403	1547	1862	498	2462	2115	1932	784	2181	654	1011	373	513	2141	2137
1092	2006	2037	781	342	2483	1078	2428	253	400	2353	2073	602	1488	621	228	808	2459	1059	932	247	121	2324	2268	435	2345	0	1307	1950	2489	1721	529	279	530	228	912	2192	55	295	468	935	279	2277	163	1182	396	472	143	209	817
678	1175	7	562	1989	93	188	647	1921	28	2109	623	481	238	980	1156	1058	526	1311	104	947	485	984	2485	1236	170	1914	0	669	2390	749	2426	1963	2397	1331	1169	1158	1611	2133	207	594	1176	2391	1697	425	1828	2394	2020	62	2369
1134	696	612	2478	1426	2117	231	1544	145	83	360	1839	2136	738	181	237	1906	2155	183	195	1465	1948	327	1679	1750	2267	1375	540	0	1639	2214	735	97	1006	2429	235	1864	86	1473	2248	857	2352	113	1574	2088	1503	1308	1754	1273	1102
358	1358	502	1076	90	2246	1132	42	1647	1694	610	1674	226	2311	409	1698	37	2009	1531	1669	556	962	551	1878	1927	1407	2268	1577	1771	0	20	1369	1468	1785	672	10	171	2074	3	75	1773	1289	1352	378	1289	1610	687	1457	1025	827
1577	570	607	349	988	957	2192	983	792	18	1594	2066	1886	1409	831	130	203	960	1624	2035	1768	1130	1694	1685	765	971	1699	684	2223	1922	0	1353	1029	1303	1830	25	2449	1272	208	446	1920	43	2182	683	1540	2227	182	1491	459	1937
1899	644	2397	365	1310	887	506	412	1754	2184	247	1219	444	674	2331	222	836	853	1538	124	2108	1424	1801	436	641	1874	845	914	1120	2436	446	0	816	1166	2289	1553	248	1099	1193	1706	83	1130	1892	620	1460	2227	2370	1729	1832	5
1125	1128	890	1581	739	1952	1200	502	1008	1056	2077	1048	1128	799	1045	208	964	717	929	1496	605	97	1951	838	1180	931	1992	1637	1805	250	339	437	0	2089	2028	682	1593	462	152	1963	1884	2393	1421	2087	710	1768	1480	31	2500	588
997	1393	1896	2491	2262	285	1179	1543	388	1705	2380	698	818	451	2349	2491	192	1751	1729	1333	1118	2472	1898	1892	2079	175	423	1694	2423	2167	1763	1375	103	0	246	441	2066	696	1015	2118	618	918	2288	1076	2104	275	873	2087	1629	616
1435	150	60	1793	1008	1876	1717	1829	2431	1958	613	1079	2024	1268	1251	757	210	218	624	1423	638	119	1448	366	875	1774	200	1137	1902	1510	1429	1472	1618	1309	0	178	185	2024	2241	2329	2213	545	2256	964	1497	1226	1240	683	1205	1917
2084	258	2361	1429	257	417	1467	2356	2304	1781	1241	703	1598	1253	1611	191	481	65	900	2015	1754	1906	778	348	1661	2269	534	1080	2046	12	719	986	15	1941	216	0	2236	1484	705	1375	209	2128	186	587	1595	1825	83	952	1735	2075
1888	2268	1121	1812	543	1212	432	2415	1445	87	537	1724	970	1674	767	709	297	784	395	1743	1835	1480	1647	1694	2409	181	1264	213	789	2497	2166	564	2492	953	1817	543	0	2486	2144	1079	534	1980	719	2038	1709	1856	1866	1972	1325	1283
615	1180	1685	1880	590	16	2352	206	1522	1016	1470	707	1858	1821	468	515	897	1041	1871	1081	1806	1684	529	131	1296	1775	2485	1789	41	1059	1239	1415	2274	178	801	847	1389	0	157	808	686	1554	1706	644	142	1538	2451	402	1463	1878
247	983	787	1886	1709	698	1120	823	2346	1577	660	1637	2094	1336	458	1790	662	1981	341	1437	1111	1355	412	1679	2222	404	1882	1407	695	5	1133	1410	472	1987	1689	2444	935	2139	0	871	833	2381	1127	1216	366	798	1660	795	456	2176
2397	2106	1100	400	136	1916	1250	1677	2043	100	1065	1025	511	972	2174	757	1012	232	1989	1547	2470	1095	1416	1448	1098	379	205	1568	254	2480	917	1786	47	1255	1194	908	215	203	756	0	1940	1238	1150	1136	1778	1884	77	1245	2130	1657
507	7	1762	2030	306	1712	1793	139	559	1233	205	1401	695	327	1373	1074	2016	2177	255	1802	222	1563	2021	511	379	1924	410	837	1332	1571	753	1391	1467	1242	2159	1241	1881	399	400	312	0	142	2336	459	1095	786	2139	2169	1824	574
1422	827	1861	2164	544	1617	397	1557	1495	823	761	144	1507	1872	3	1615	2430	1748	2258	463	1985	1000	233	913	1804	1708	623	426	99	311	1834	2201	1303	2124	315	1411	605	615	1792	364	152	0	405	295	799	1957	1187	194	2155	1348
2266	322	1835	938	1936	1287	431	2318	1495	1290	1079	765	638	412	834	1519	1292	2282	265	2357	554	2480	1280	2059	908	1224	2428	43	1420	2093	1079	562	2213	131	1962	1071	1226	542	642	1481	2386	369	0	869	2343	2454	1362	210	1666	2179
2437	1926	2277	1492	1485	905	165	32	735	1717	956	1380	1528	614	1424	1156	1364	434	2025	2456	787	394	2029	1594	516	803	1551	1652	1111	1969	1972	139	876	2251	1821	1215	416	1501	2374	12	223	1248	56	0	84	2212	1311	2006	1539	2155
1222	1967	90	1226	1400	1432	734	1046	1937	221	2055	2395	1924	434	2452	861	951	548	944	2294	1196	674	1865	106	2401	210	1832	1187	1388	2293	1838	615	950	802	145	327	2333	2437	586	2265	929	623	1004	506	0	257	1125	1296	279	2451
1143	867	1546	2328	648	1024	2063	868	1210	1094	1210	1771	1751	1310	1003	1444	578	1228	641	749	135	2122	157	2171	1150	741	1164	1634	2236	1419	481	2156	1849	2086	2308	1307	177	209	1771	686	2187	65	778	800	132	0	215	1033	844	2342
1560	1683	1423	1454	680	2252	2280	857	2360	1056	1376	1379	18	2353	2062	1056	235	1882	476	399	431	820	1862	797	2016	2387	2101	224	848	849	719	1548	1747	1757	2150	1613	1009	743	416	487	2271	423	327	642	851	1903	0	1212	314	1192
1681	1929	882	2160	2414	308	616	735	2015	1895	1886	900	620	1410	1935	486	366	2381	1503	1405	2292	1932	284	1793	899	245	989	268	1410	524	2193	524	1334	693	135	2197	2297	2184	908	1469	633	1557	826	2479	321	449	1198	0	1829	273
637	1494	996	1145	826	2262	1174	2046	1108	1905	1018	130	1541	2449	2	1814	307	1388	1875	307	337	649	690	1913	2285	2214	2202	730	1868	1440	447	1381	2257	1934	858	519	2321	1556	1463	2491	1138	1328	1912	247	422	1646	1211	583	0	2363
2321	131	1647	50	2036	1757	1530	1384	2075	54	611	1682	2215	169	454	570	2441	2313	2001	809	2444	625	2005	1943	2282	2270	1661	1568	1587	1888	1941	678	1283	1179	2002	2232	2422	2153	2301	628	724	1929	2461	335	2126	1085	1316	119	2442	0
