2
5 4
1 2 1
1 3 1
1 4 1
1 5 1
10 200
6	7	90
9	7	6
7	8	98
7	9	84
7	9	8
6	8	9
10	6	36
9	8	63
6	7	2
8	10	44
6	8	80
10	9	43
7	8	4
9	10	52
8	7	44
9	7	61
7	10	14
9	6	95
10	8	36
10	6	61
7	6	13
8	7	18
6	9	38
6	9	25
9	6	12
6	7	63
7	10	73
6	6	8
9	10	79
7	6	99
8	6	98
8	10	34
6	7	46
9	6	56
9	9	36
7	10	92
7	8	17
10	8	72
6	6	19
10	9	39
9	7	55
6	10	100
10	9	84
8	9	30
8	6	71
6	9	87
9	9	85
7	6	2
10	10	12
9	8	96
8	7	51
6	7	64
7	9	35
6	9	12
9	6	69
9	7	26
9	10	29
6	8	58
6	9	58
9	6	43
8	8	48
9	9	21
7	6	36
10	8	80
9	8	59
10	7	76
6	10	23
10	10	61
7	6	73
7	7	23
9	6	58
7	10	87
8	7	33
9	10	13
10	9	54
6	7	15
6	10	43
10	10	3
9	9	69
7	6	1
10	8	9
10	10	74
7	8	58
9	10	43
8	7	6
7	10	64
7	6	3
6	6	43
10	8	19
7	8	2
8	8	42
9	9	92
9	6	50
9	6	38
9	10	61
7	7	86
6	7	4
9	7	7
8	6	88
10	6	38

1	1	63
5	1	17
4	2	30
5	1	72
3	1	51
1	1	86
3	4	50
3	5	56
4	1	8
1	3	24
5	1	63
2	4	72
5	1	97
4	1	77
3	2	87
1	5	1
5	1	31
3	2	83
5	4	66
1	1	68
2	5	21
4	3	87
3	4	99
3	3	53
1	1	14
5	4	98
5	5	16
2	1	63
4	1	59
2	4	80
5	2	81
2	3	17
3	4	34
4	5	95
2	2	9
3	5	43
3	2	47
3	4	2
2	3	82
5	4	41
1	1	47
1	5	99
5	2	34
5	2	30
1	1	33
2	4	12
5	2	57
1	2	1
1	5	92
5	4	86
2	5	29
1	3	68
2	5	82
5	3	41
1	1	45
2	5	95
5	2	17
3	5	2
5	2	19
3	4	14
1	4	70
4	3	94
3	4	48
1	3	43
3	3	100
1	3	70
1	4	68
5	2	54
5	5	15
5	4	17
4	2	38
5	5	86
1	4	53
4	1	25
1	5	63
4	2	15
4	2	39
4	1	80
3	4	13
1	4	34
5	4	58
4	2	42
1	3	90
3	5	29
1	3	53
1	2	92
4	4	19
2	3	81
4	5	40
1	3	63
3	3	50
2	3	89
2	5	13
1	3	96
5	2	73
4	1	98
5	3	59
1	5	46
1	5	40
2	5	82
